Date,Open,High,Low,Close,Adj Close,Volume
2016-03-16,880.299988,882.000000,862.099976,864.900024,846.008667,1456263
2016-03-17,870.000000,876.000000,865.099976,872.549988,853.491577,965277
2016-03-18,871.000000,877.900024,859.950012,875.349976,856.230347,1072444
2016-03-21,873.250000,875.000000,852.400024,859.650024,840.873291,1484160
2016-03-22,860.000000,860.000000,846.049988,853.349976,834.710938,1746522
2016-03-23,853.349976,856.900024,846.250000,850.000000,831.434143,917099
2016-03-28,850.000000,857.450012,842.700012,845.400024,826.934692,1722071
2016-03-29,847.400024,860.000000,845.000000,856.099976,837.400879,1101097
2016-03-30,864.000000,885.000000,861.849976,881.849976,862.588440,1470782
2016-03-31,880.500000,884.250000,865.099976,868.400024,849.432190,1682214
2016-04-01,871.000000,883.950012,865.000000,870.000000,850.997314,853331
2016-04-04,874.000000,888.500000,865.250000,886.150024,866.794495,662760
2016-04-05,885.400024,885.400024,862.000000,869.849976,850.850586,762479
2016-04-06,869.700012,875.000000,860.650024,863.299988,844.443542,451307
2016-04-07,864.000000,869.000000,855.049988,858.250000,839.503967,449770
2016-04-08,860.000000,861.450012,849.599976,851.549988,832.950195,448087
2016-04-11,850.000000,861.900024,842.750000,860.000000,841.215698,651373
2016-04-12,861.799988,870.000000,859.500000,866.900024,847.964966,433486
2016-04-13,870.500000,876.000000,866.000000,874.349976,855.252197,692424
2016-04-18,884.250000,886.549988,875.000000,885.200012,865.865356,685762
2016-04-20,885.000000,887.750000,875.250000,885.799988,866.452148,778272
2016-04-21,890.000000,895.000000,885.099976,889.150024,869.729004,702226
2016-04-22,885.700012,893.700012,869.400024,871.549988,852.513428,692414
2016-04-25,870.400024,870.400024,856.000000,861.750000,842.927490,587700
2016-04-26,864.200012,880.000000,859.049988,876.900024,857.746582,694778
2016-04-27,875.700012,891.000000,871.000000,889.849976,870.413635,553126
2016-04-28,889.849976,894.500000,870.000000,873.099976,854.029541,1013142
2016-04-29,873.000000,876.000000,861.650024,866.250000,847.329224,955985
2016-05-02,864.000000,867.500000,860.650024,864.799988,845.910889,199724
2016-05-03,869.500000,886.900024,865.400024,872.000000,852.953552,1073196
2016-05-04,872.000000,879.000000,864.000000,873.599976,854.518555,469904
2016-05-05,874.099976,875.450012,862.450012,867.049988,848.111694,402567
2016-05-06,863.950012,890.000000,861.500000,889.049988,869.631165,1249025
2016-05-09,894.950012,913.900024,893.650024,906.599976,886.797791,1355429
2016-05-10,904.950012,908.250000,893.450012,898.349976,878.728088,1034271
2016-05-11,892.000000,919.000000,887.500000,907.849976,888.020569,2228431
2016-05-12,920.000000,933.900024,917.200012,928.799988,908.512878,2382775
2016-05-13,928.750000,948.000000,927.599976,943.650024,923.038696,2285317
2016-05-16,948.950012,957.799988,945.000000,952.650024,931.842041,1913343
2016-05-17,953.500000,972.000000,947.750000,969.650024,948.470764,1770437
2016-05-18,969.000000,971.000000,952.450012,963.250000,942.210449,1273835
2016-05-19,968.849976,968.849976,952.049988,956.799988,935.901367,1251713
2016-05-20,956.000000,963.000000,950.750000,956.000000,935.118835,972841
2016-05-23,959.900024,960.000000,943.650024,946.599976,925.924133,726047
2016-05-24,952.400024,962.400024,941.700012,956.250000,935.363342,490332
2016-05-25,963.150024,985.000000,962.799988,982.250000,960.795471,815313
2016-05-26,988.549988,999.500000,973.450012,991.849976,970.185791,1410903
2016-05-27,991.900024,1001.799988,986.450012,998.250000,976.446045,1105534
2016-05-30,994.000000,1004.250000,978.450012,984.900024,963.387695,1487177
2016-05-31,988.000000,995.500000,980.700012,984.849976,963.338623,1151373
2016-06-01,989.049988,1025.000000,989.049988,1021.700012,999.383850,2068760
2016-06-02,1007.000000,1029.000000,996.549988,1024.050049,1001.682495,2420319
2016-06-03,1023.500000,1032.099976,1013.500000,1025.300049,1002.905273,2045789
2016-06-06,1017.099976,1032.349976,1016.599976,1026.300049,1003.883423,1574228
2016-06-07,1025.349976,1037.449951,1024.599976,1032.750000,1010.192505,755934
2016-06-08,1029.000000,1029.000000,1011.250000,1018.049988,995.813538,933533
2016-06-09,1018.000000,1019.000000,995.700012,998.799988,976.984009,1024252
2016-06-10,994.950012,999.000000,989.599976,992.049988,970.381470,1313970
2016-06-13,987.000000,996.500000,985.099976,994.900024,973.169189,808571
2016-06-14,995.000000,999.000000,978.599976,986.500000,964.952698,699283
2016-06-15,986.000000,1002.000000,986.000000,998.400024,976.592834,731016
2016-06-16,993.750000,1009.000000,986.200012,1006.549988,989.819153,740810
2016-06-17,1010.000000,1014.849976,994.000000,999.599976,982.984680,365441
2016-06-20,994.950012,997.000000,986.250000,991.500000,975.019348,627622
2016-06-21,990.000000,991.000000,977.200012,982.049988,965.726379,712870
2016-06-22,980.000000,989.450012,978.500000,985.450012,969.069946,507154
2016-06-23,986.099976,990.000000,980.299988,984.099976,967.742310,678141
2016-06-24,974.099976,993.000000,963.599976,989.549988,973.101807,777600
2016-06-27,970.250000,992.950012,970.250000,974.299988,958.105286,662651
2016-06-28,981.000000,985.000000,975.349976,980.200012,963.907166,822749
2016-06-29,978.250000,999.299988,978.250000,994.200012,977.674500,711457
2016-06-30,1004.849976,1009.000000,996.049988,1003.299988,986.623169,1039352
2016-07-01,1002.799988,1011.099976,995.450012,1002.500000,985.836548,1314022
2016-07-04,1008.000000,1017.049988,998.200012,1000.400024,983.771484,884699
2016-07-05,1003.000000,1004.849976,983.349976,985.099976,968.725708,523870
2016-07-07,989.349976,997.000000,985.000000,987.700012,971.282593,757053
2016-07-08,992.900024,1013.900024,988.150024,1010.700012,993.900208,1200518
2016-07-11,1020.000000,1033.000000,1017.849976,1026.800049,1009.732727,1082293
2016-07-12,1028.800049,1037.900024,1016.799988,1020.450012,1003.488159,1259777
2016-07-13,1029.000000,1029.000000,1006.450012,1009.500000,992.720154,1319911
2016-07-14,1010.200012,1025.500000,1009.000000,1017.599976,1000.685486,754274
2016-07-15,1018.200012,1031.500000,1018.200012,1025.900024,1008.847595,671924
2016-07-18,1027.099976,1044.900024,1025.250000,1028.500000,1011.404297,721547
2016-07-19,1031.000000,1037.500000,1021.200012,1030.699951,1013.567810,541334
2016-07-20,1029.250000,1036.400024,1020.000000,1028.550049,1011.453552,529012
2016-07-21,1029.800049,1048.000000,1026.550049,1042.699951,1025.368164,706661
2016-07-22,1047.849976,1054.000000,1042.050049,1047.050049,1029.645996,502766
2016-07-25,1049.300049,1074.400024,1047.150024,1070.650024,1052.853760,734354
2016-07-26,1072.099976,1074.949951,1055.000000,1060.750000,1043.118408,562982
2016-07-27,1069.900024,1073.800049,1052.199951,1061.800049,1044.151001,765267
2016-07-28,1074.000000,1153.800049,1068.000000,1128.000000,1109.250488,5831636
2016-07-29,1127.500000,1137.699951,1102.250000,1114.150024,1095.630737,1152956
2016-08-01,1119.599976,1134.000000,1115.050049,1120.900024,1102.268311,864041
2016-08-02,1129.699951,1142.500000,1118.650024,1123.349976,1104.677734,832931
2016-08-03,1132.449951,1147.150024,1124.050049,1143.400024,1124.394531,1130691
2016-08-04,1152.050049,1154.599976,1116.699951,1127.300049,1108.562134,1075876
2016-08-05,1131.000000,1145.300049,1128.750000,1143.349976,1124.345337,543090
2016-08-08,1153.000000,1153.000000,1136.000000,1148.349976,1129.262085,407801
2016-08-09,1153.599976,1154.949951,1134.000000,1146.500000,1127.442871,541100
2016-08-10,1142.099976,1148.449951,1128.099976,1129.949951,1111.167969,788849
2016-08-11,1130.000000,1147.500000,1118.599976,1145.099976,1126.066162,651399
2016-08-12,1143.000000,1161.250000,1125.400024,1137.500000,1118.592529,795382
2016-08-16,1135.500000,1147.800049,1126.900024,1129.650024,1110.873169,921462
2016-08-17,1115.000000,1127.699951,1108.150024,1113.550049,1095.040771,742834
2016-08-18,1119.750000,1119.750000,1102.550049,1107.349976,1088.943481,1263890
2016-08-19,1101.349976,1126.900024,1101.349976,1113.500000,1094.991455,864966
2016-08-22,1121.000000,1121.000000,1105.000000,1113.900024,1095.384888,827995
2016-08-23,1112.699951,1129.650024,1108.150024,1126.250000,1107.529541,684493
2016-08-24,1130.000000,1130.199951,1115.599976,1118.849976,1100.252563,417969
2016-08-25,1120.099976,1126.500000,1102.800049,1105.900024,1087.517822,554850
2016-08-26,1106.250000,1127.550049,1091.050049,1123.300049,1104.628662,869672
2016-08-29,1123.300049,1124.650024,1104.150024,1111.849976,1093.368896,452947
2016-08-30,1115.000000,1148.000000,1110.000000,1146.199951,1127.147827,674826
2016-08-31,1157.000000,1173.900024,1149.000000,1157.900024,1138.653687,1668417
2016-09-01,1159.849976,1164.050049,1142.000000,1156.949951,1137.719238,621894
2016-09-02,1158.949951,1172.000000,1151.300049,1167.550049,1148.143066,710106
2016-09-06,1175.000000,1213.900024,1170.599976,1204.150024,1184.134766,1131704
2016-09-07,1208.000000,1209.000000,1170.699951,1177.199951,1157.632568,1092266
2016-09-08,1179.000000,1190.000000,1171.000000,1182.599976,1162.942749,888245
2016-09-09,1181.900024,1181.900024,1168.000000,1171.750000,1152.273315,575102
2016-09-12,1156.349976,1163.000000,1137.000000,1154.599976,1135.408447,465079
2016-09-14,1150.099976,1178.949951,1150.099976,1163.599976,1144.258667,704633
2016-09-15,1170.000000,1175.500000,1160.000000,1173.550049,1154.043335,616127
2016-09-16,1173.599976,1181.250000,1152.000000,1155.150024,1135.949219,1136226
2016-09-19,1157.199951,1172.000000,1157.199951,1163.599976,1144.258667,550698
2016-09-20,1164.000000,1173.699951,1162.599976,1165.050049,1145.684814,966451
2016-09-21,1165.900024,1176.000000,1165.900024,1170.599976,1151.142334,615798
2016-09-22,1182.300049,1197.000000,1175.000000,1192.000000,1172.186646,913747
2016-09-23,1201.000000,1203.500000,1185.000000,1191.199951,1171.399902,668223
2016-09-26,1195.000000,1195.000000,1174.900024,1183.000000,1163.336304,817715
2016-09-27,1184.199951,1203.000000,1184.199951,1192.550049,1172.727539,532323
2016-09-28,1193.000000,1201.000000,1188.099976,1193.500000,1173.661743,566690
2016-09-29,1194.349976,1203.349976,1160.000000,1167.349976,1147.946411,1125599
2016-09-30,1167.000000,1179.949951,1156.000000,1160.699951,1141.406860,478253
2016-10-03,1170.000000,1199.000000,1165.400024,1193.000000,1173.169922,747111
2016-10-04,1202.000000,1203.000000,1179.400024,1192.550049,1172.727539,503642
2016-10-05,1188.000000,1224.000000,1185.000000,1208.750000,1188.658203,1080751
2016-10-06,1210.099976,1222.400024,1201.699951,1209.500000,1189.395874,746006
2016-10-07,1208.000000,1210.000000,1180.800049,1184.599976,1164.909790,873434
2016-10-10,1189.000000,1219.000000,1189.000000,1212.650024,1192.493530,570180
2016-10-13,1227.000000,1227.300049,1208.849976,1216.599976,1196.377808,1391322
2016-10-14,1216.099976,1220.000000,1202.250000,1205.750000,1185.708130,354200
2016-10-17,1208.099976,1208.400024,1178.500000,1182.300049,1162.648071,365921
2016-10-18,1186.400024,1193.349976,1165.550049,1174.500000,1154.977539,1339044
2016-10-19,1180.000000,1184.150024,1163.250000,1169.300049,1149.864136,1201677
2016-10-20,1175.000000,1177.000000,1163.250000,1165.750000,1146.372925,448785
2016-10-21,1172.900024,1172.900024,1144.400024,1153.500000,1134.326660,948987
2016-10-24,1161.150024,1162.000000,1124.099976,1127.500000,1108.758789,1287073
2016-10-25,1131.949951,1158.300049,1117.099976,1139.750000,1120.805176,3014876
2016-10-26,1153.300049,1157.000000,1113.900024,1123.099976,1104.431885,1323248
2016-10-27,1133.000000,1134.400024,1081.000000,1085.449951,1067.407715,1764517
2016-10-28,1081.000000,1096.949951,1066.050049,1069.900024,1052.116089,1732990
2016-11-01,1077.099976,1088.199951,1072.000000,1076.699951,1061.432129,983171
2016-11-02,1067.900024,1083.349976,1055.349976,1062.750000,1047.680176,872573
2016-11-03,1058.300049,1075.000000,1033.449951,1037.150024,1022.443115,1075107
2016-11-04,1039.199951,1054.800049,1035.099976,1043.050049,1028.259399,976222
2016-11-07,1048.000000,1059.599976,1027.900024,1037.349976,1022.640137,829767
2016-11-08,1044.750000,1060.000000,1040.000000,1057.000000,1042.011597,780312
2016-11-09,999.000000,1058.099976,952.000000,1050.949951,1036.047241,2005884
2016-11-10,1056.000000,1060.000000,1008.000000,1011.299988,996.959534,1719037
2016-11-11,1000.000000,1004.950012,958.000000,962.299988,948.654358,2665967
2016-11-15,970.950012,970.950012,869.000000,890.799988,878.168213,5354021
2016-11-16,917.500000,945.900024,903.000000,935.700012,922.431641,3032067
2016-11-17,946.000000,947.150024,917.000000,918.450012,905.426208,1310176
2016-11-18,925.900024,928.950012,899.849976,908.200012,895.321594,1335202
2016-11-21,918.000000,918.000000,891.750000,900.000000,887.237854,1639425
2016-11-22,908.000000,912.950012,895.000000,907.750000,894.877930,1678288
2016-11-23,915.900024,946.400024,912.000000,942.049988,928.691528,2371811
2016-11-24,938.250000,965.750000,932.049988,936.099976,922.825867,2908165
2016-11-25,943.900024,953.299988,938.799988,945.450012,932.043396,1460489
2016-11-28,950.000000,968.650024,933.500000,936.099976,922.825867,1335539
2016-11-29,940.400024,967.000000,935.200012,958.549988,944.957581,2507536
2016-11-30,967.950012,974.900024,952.549988,969.900024,956.146667,4460941
2016-12-01,967.000000,968.000000,936.000000,939.150024,925.832703,1517103
2016-12-02,936.000000,936.500000,902.000000,904.849976,892.019104,2139914
2016-12-05,910.000000,941.599976,895.250000,937.650024,924.353943,1881935
2016-12-06,940.900024,944.700012,924.150024,934.150024,920.903687,889147
2016-12-07,936.000000,948.500000,928.200012,932.200012,918.981201,809152
2016-12-08,941.950012,947.549988,929.799988,936.150024,922.875244,1024529
2016-12-09,942.000000,953.950012,935.049988,941.750000,928.395813,1600112
2016-12-12,931.299988,937.150024,909.000000,910.250000,897.342468,1531811
2016-12-13,915.000000,915.000000,895.000000,906.750000,893.892151,1572248
2016-12-14,908.000000,923.200012,908.000000,914.349976,901.384277,944657
2016-12-15,909.650024,916.750000,901.700012,903.000000,890.195251,958978
2016-12-16,911.950012,911.950012,898.000000,899.900024,887.139221,1041676
2016-12-19,901.400024,902.000000,875.099976,878.400024,865.944214,1905631
2016-12-20,875.500000,882.000000,860.049988,865.700012,853.424194,1811388
2016-12-21,867.200012,876.500000,861.549988,865.549988,853.276306,1321988
2016-12-22,865.549988,874.299988,851.099976,870.299988,857.958923,1472349
2016-12-23,875.000000,885.000000,861.500000,874.000000,861.606445,1325637
2016-12-26,874.000000,885.000000,860.000000,867.799988,855.494446,1313467
2016-12-27,871.900024,877.799988,863.400024,876.000000,863.578186,846898
2016-12-28,876.000000,890.000000,869.549988,875.700012,863.282471,1093720
2016-12-29,879.000000,887.000000,877.000000,880.049988,867.570740,1203203
2016-12-30,884.950012,895.000000,882.500000,891.049988,878.414734,935476
2017-01-02,893.000000,907.500000,882.250000,904.650024,891.821960,1031421
2017-01-03,910.000000,910.000000,893.450012,896.599976,883.885925,2068282
2017-01-04,901.900024,914.500000,897.000000,906.599976,893.744202,1408241
2017-01-05,913.900024,919.900024,901.500000,916.500000,903.503906,2569365
2017-01-06,918.000000,932.500000,914.599976,929.500000,916.319519,1717545
2017-01-09,932.000000,933.049988,906.000000,910.099976,897.194641,1356124
2017-01-10,915.000000,929.000000,907.950012,923.599976,910.503174,1735052
2017-01-11,926.500000,940.599976,921.500000,934.650024,921.396423,1236472
2017-01-12,935.000000,939.349976,926.299988,933.549988,920.312134,955700
2017-01-13,935.549988,938.200012,927.150024,933.250000,920.016357,770385
2017-01-16,930.000000,941.549988,926.900024,935.250000,921.987915,889759
2017-01-17,940.000000,963.500000,937.000000,960.150024,946.534973,1742445
2017-01-18,960.150024,972.450012,960.000000,963.349976,949.689575,1216887
2017-01-19,965.099976,965.750000,954.400024,962.700012,949.048767,770727
2017-01-20,960.299988,977.849976,954.150024,967.200012,953.484863,2190366
2017-01-23,967.400024,973.549988,957.750000,964.700012,951.020325,1206139
2017-01-24,963.500000,979.849976,953.599976,973.450012,959.646301,1748158
2017-01-25,979.000000,981.349976,971.150024,977.700012,963.836060,1128224
2017-01-27,979.799988,989.599976,964.099976,969.599976,955.850830,1043635
2017-01-30,969.000000,979.000000,963.000000,973.200012,959.399841,572175
2017-01-31,972.799988,977.500000,964.000000,970.700012,956.935303,603928
2017-02-01,970.700012,1001.049988,970.200012,991.000000,976.947449,1241463
2017-02-02,989.450012,995.000000,981.950012,989.000000,974.975769,1365514
2017-02-03,990.000000,993.900024,981.049988,985.900024,971.919861,465754
2017-02-06,990.099976,1004.950012,985.500000,992.500000,978.426270,744278
2017-02-07,992.000000,1003.950012,990.200012,999.299988,985.129700,577723
2017-02-08,999.299988,1009.900024,981.000000,997.700012,983.552490,1192386
2017-02-09,999.000000,1005.000000,991.000000,1002.849976,988.629395,493191
2017-02-10,1005.900024,1009.000000,990.500000,993.049988,978.968323,479738
2017-02-13,995.000000,1000.000000,981.500000,984.750000,970.786072,643641
2017-02-14,988.000000,988.049988,970.000000,980.799988,966.892090,604108
2017-02-15,981.200012,986.950012,976.000000,981.700012,967.779297,600970
2017-02-16,985.000000,989.549988,967.750000,969.900024,956.146667,932357
2017-02-17,973.000000,973.400024,955.599976,960.799988,947.175659,1142332
2017-02-20,961.000000,979.950012,953.849976,975.750000,961.913635,1092302
2017-02-21,977.700012,993.950012,976.299988,991.500000,977.440308,885074
2017-02-22,995.099976,1025.750000,993.900024,1020.299988,1005.831970,2809160
2017-02-23,1030.000000,1030.000000,1005.349976,1009.000000,994.692200,1580357
2017-02-27,1010.000000,1018.549988,999.000000,1001.950012,987.742188,738246
2017-02-28,1003.099976,1026.800049,998.150024,1024.199951,1009.676636,1368244
2017-03-01,1030.000000,1040.000000,1026.050049,1032.750000,1018.105347,1124115
2017-03-02,1037.900024,1044.750000,1026.400024,1028.750000,1014.162109,1037442
2017-03-03,1027.050049,1027.050049,1006.000000,1013.700012,999.325562,596208
2017-03-06,1020.000000,1033.800049,1016.000000,1029.400024,1014.802979,559268
2017-03-07,1030.550049,1032.599976,1020.500000,1023.950012,1009.430298,429279
2017-03-08,1024.000000,1034.750000,1015.000000,1022.549988,1008.050049,1164247
2017-03-09,1028.500000,1040.800049,1025.000000,1031.099976,1016.478821,827512
2017-03-10,1024.099976,1037.199951,1024.099976,1030.250000,1015.640869,579487
2017-03-14,1049.800049,1077.800049,1040.599976,1071.400024,1056.207397,1640301
2017-03-15,1068.000000,1075.500000,1061.099976,1064.050049,1048.961670,619852
2017-03-16,1071.250000,1089.500000,1068.250000,1087.550049,1072.128296,1382416
2017-03-17,1090.250000,1092.199951,1075.000000,1079.449951,1064.143188,782439
2017-03-20,1081.800049,1083.000000,1067.150024,1079.699951,1064.389526,423077
2017-03-21,1081.949951,1084.949951,1063.449951,1068.699951,1053.545532,1431610
2017-03-22,1058.000000,1064.150024,1048.550049,1057.849976,1042.849609,661176
2017-03-23,1060.000000,1070.000000,1054.000000,1061.599976,1046.546387,466635
2017-03-24,1062.800049,1073.000000,1061.050049,1064.250000,1049.158691,435183
2017-03-27,1068.000000,1068.000000,1039.949951,1042.900024,1028.111450,833514
2017-03-28,1045.000000,1061.949951,1045.000000,1057.849976,1042.849609,452398
2017-03-29,1062.000000,1079.000000,1057.849976,1068.099976,1052.954102,1345902
2017-03-30,1068.099976,1074.699951,1062.000000,1070.099976,1054.925659,1171200
2017-03-31,1070.000000,1079.500000,1065.000000,1073.500000,1058.277466,937954
2017-04-03,1074.699951,1098.449951,1068.500000,1089.849976,1074.395630,790370
2017-04-05,1094.000000,1094.650024,1068.800049,1082.550049,1067.199219,927397
2017-04-06,1078.400024,1089.000000,1071.500000,1086.900024,1071.487671,690411
2017-04-07,1077.000000,1089.900024,1073.099976,1082.949951,1067.593506,837821
2017-04-10,1078.400024,1080.449951,1057.050049,1059.199951,1044.180298,757492
2017-04-11,1063.699951,1076.750000,1056.550049,1072.500000,1057.291870,731062
2017-04-12,1075.500000,1081.900024,1063.099976,1070.449951,1055.270630,719256
2017-04-13,1070.449951,1081.400024,1066.150024,1078.300049,1063.009521,328677
2017-04-17,1079.550049,1080.000000,1056.449951,1059.349976,1044.328247,506747
2017-04-18,1062.400024,1068.949951,1037.300049,1040.449951,1025.696289,722855
2017-04-19,1044.000000,1056.000000,1033.699951,1048.900024,1034.026367,398732
2017-04-20,1056.000000,1062.750000,1042.500000,1058.800049,1043.786011,493562
2017-04-21,1065.900024,1071.500000,1054.199951,1065.449951,1050.341553,701515
2017-04-24,1066.099976,1074.349976,1063.699951,1069.949951,1054.777832,363436
2017-04-25,1074.699951,1101.949951,1070.000000,1097.900024,1082.331543,1060527
2017-04-26,1104.900024,1122.000000,1092.750000,1104.650024,1088.985962,1870316
2017-04-27,1104.900024,1109.550049,1092.000000,1105.349976,1089.675903,666287
2017-04-28,1106.599976,1124.949951,1105.349976,1120.449951,1104.561646,1012065
2017-05-02,1123.099976,1137.500000,1100.000000,1112.099976,1096.330200,1031522
2017-05-03,1116.000000,1123.949951,1113.000000,1118.900024,1103.033813,476101
2017-05-04,1118.900024,1135.000000,1117.599976,1132.599976,1116.539551,878814
2017-05-05,1135.000000,1160.000000,1134.000000,1146.800049,1130.538330,1518367
2017-05-08,1150.000000,1173.000000,1143.400024,1167.349976,1150.796631,672001
2017-05-09,1172.449951,1176.849976,1160.099976,1165.300049,1148.775879,734416
2017-05-10,1167.099976,1182.000000,1148.150024,1158.300049,1141.875244,1004939
2017-05-11,1159.000000,1178.900024,1152.300049,1166.449951,1149.909546,1003768
2017-05-12,1170.199951,1179.000000,1127.000000,1132.949951,1116.884521,2500503
2017-05-15,1142.900024,1149.900024,1135.000000,1148.050049,1131.770508,729473
2017-05-16,1148.900024,1149.699951,1129.599976,1142.849976,1126.644165,913600
2017-05-17,1143.000000,1159.000000,1136.550049,1154.949951,1138.572632,579709
2017-05-18,1147.150024,1159.800049,1140.000000,1151.349976,1135.023560,702003
2017-05-19,1139.849976,1144.800049,1098.800049,1123.150024,1107.223511,1732673
2017-05-22,1124.250000,1137.849976,1104.000000,1112.550049,1096.773804,1058940
2017-05-23,1119.949951,1126.550049,1091.449951,1098.900024,1083.317505,1374392
2017-05-24,1095.000000,1107.050049,1080.500000,1091.199951,1075.726440,1551698
2017-05-25,1095.550049,1125.000000,1090.050049,1113.199951,1097.414673,1226634
2017-05-26,1124.949951,1148.800049,1124.000000,1132.449951,1116.391602,915210
2017-05-29,1125.000000,1150.000000,1125.000000,1146.550049,1130.291626,460152
2017-05-30,1150.000000,1166.099976,1147.000000,1159.449951,1143.008667,460978
2017-05-31,1159.000000,1165.000000,1144.550049,1151.199951,1134.875732,1488564
2017-06-01,1150.000000,1162.000000,1133.099976,1160.449951,1143.994507,578030
2017-06-02,1161.199951,1174.900024,1160.199951,1164.300049,1147.789917,437401
2017-06-05,1165.000000,1176.400024,1159.500000,1161.550049,1145.079102,425935
2017-06-06,1162.150024,1165.300049,1141.050049,1153.150024,1136.798096,787798
2017-06-07,1154.000000,1168.000000,1146.000000,1161.500000,1145.029785,531046
2017-06-08,1174.800049,1174.800049,1140.199951,1143.300049,1127.087769,1202971
2017-06-09,1145.000000,1157.599976,1132.150024,1155.750000,1139.361206,559008
2017-06-12,1154.400024,1158.650024,1142.599976,1150.699951,1134.382813,649908
2017-06-13,1151.199951,1154.250000,1142.250000,1149.699951,1133.396973,855507
2017-06-14,1151.000000,1152.849976,1126.250000,1149.599976,1133.298340,931530
2017-06-15,1148.000000,1150.000000,1133.349976,1140.300049,1129.682495,1003963
2017-06-16,1142.699951,1149.800049,1128.449951,1145.400024,1134.734985,1184164
2017-06-19,1149.000000,1158.000000,1137.949951,1154.150024,1143.403564,808994
2017-06-20,1155.099976,1156.849976,1144.500000,1149.449951,1138.747192,804319
2017-06-21,1158.000000,1160.400024,1149.900024,1155.400024,1144.641846,553929
2017-06-22,1157.000000,1171.000000,1156.599976,1162.550049,1151.725342,651018
2017-06-23,1163.000000,1164.500000,1146.099976,1153.650024,1142.908203,596082
2017-06-27,1157.000000,1168.349976,1130.000000,1134.150024,1123.589722,484244
2017-06-28,1125.000000,1128.849976,1099.000000,1109.150024,1098.822510,930404
2017-06-29,1112.000000,1126.949951,1100.000000,1104.550049,1094.265381,460382
2017-06-30,1099.949951,1112.000000,1083.300049,1102.949951,1092.680176,617697
2017-07-03,1107.000000,1123.449951,1104.199951,1120.250000,1109.819092,512386
2017-07-04,1123.800049,1126.449951,1106.800049,1108.550049,1098.228149,549148
2017-07-05,1108.550049,1135.000000,1108.550049,1126.650024,1116.159546,837353
2017-07-06,1135.000000,1144.000000,1127.849976,1132.150024,1121.608398,532283
2017-07-07,1135.000000,1135.400024,1112.050049,1115.449951,1105.063721,364301
2017-07-10,1120.250000,1160.949951,1116.050049,1127.750000,1117.249268,70264
2017-07-11,1125.000000,1135.000000,1122.599976,1131.750000,1121.212036,532133
2017-07-12,1136.000000,1137.400024,1124.099976,1133.699951,1123.143799,373345
2017-07-13,1139.800049,1144.250000,1121.250000,1125.500000,1115.020386,764694
2017-07-14,1128.250000,1128.949951,1112.050049,1117.349976,1106.946045,872831
2017-07-17,1120.599976,1128.699951,1115.250000,1125.449951,1114.970825,1260921
2017-07-18,1118.000000,1150.000000,1117.000000,1146.599976,1135.923828,648737
2017-07-19,1154.949951,1158.000000,1146.050049,1155.849976,1145.087646,964588
2017-07-20,1156.900024,1157.849976,1133.949951,1155.550049,1144.790405,1287749
2017-07-21,1156.000000,1172.500000,1148.000000,1156.099976,1145.335327,2017663
2017-07-24,1151.599976,1159.500000,1140.000000,1155.750000,1144.988525,2063340
2017-07-25,1160.050049,1165.000000,1140.000000,1150.099976,1139.391113,2963793
2017-07-26,1134.000000,1144.800049,1126.000000,1134.000000,1123.441162,1973462
2017-07-27,1136.550049,1153.000000,1136.050049,1148.800049,1138.103394,1033335
2017-07-28,1148.000000,1156.900024,1139.000000,1153.250000,1142.511841,616845
2017-07-31,1154.150024,1164.000000,1146.099976,1161.699951,1150.883179,777721
2017-08-01,1162.000000,1163.000000,1140.500000,1148.199951,1137.508911,1176561
2017-08-02,1150.000000,1152.000000,1135.000000,1144.500000,1133.843384,848781
2017-08-03,1143.000000,1148.900024,1127.099976,1146.099976,1135.428467,997619
2017-08-04,1144.000000,1159.949951,1140.650024,1157.300049,1146.524170,529318
2017-08-07,1160.000000,1160.750000,1142.400024,1149.650024,1138.945313,576280
2017-08-08,1146.000000,1151.500000,1139.099976,1147.349976,1136.666870,600256
2017-08-09,1147.800049,1158.900024,1140.099976,1155.550049,1144.790405,530763
2017-08-10,1154.000000,1160.300049,1146.000000,1151.099976,1140.381958,649594
2017-08-11,1135.650024,1148.750000,1121.199951,1143.900024,1133.248901,843233
2017-08-14,1149.449951,1163.699951,1145.000000,1154.000000,1143.255005,511994
2017-08-16,1154.349976,1155.300049,1129.000000,1141.300049,1130.673218,857454
2017-08-17,1141.300049,1142.800049,1132.000000,1134.949951,1124.382202,494638
2017-08-18,1131.949951,1142.449951,1123.000000,1140.000000,1129.385254,357491
2017-08-21,1141.800049,1141.800049,1128.500000,1134.449951,1123.886841,456594
2017-08-22,1140.099976,1142.599976,1125.949951,1129.449951,1118.933472,568911
2017-08-23,1131.800049,1144.500000,1114.000000,1141.300049,1130.673218,513036
2017-08-24,1140.400024,1145.000000,1131.000000,1135.599976,1125.026123,483362
2017-08-28,1131.500000,1159.750000,1126.099976,1155.900024,1145.137329,751938
2017-08-29,1155.000000,1155.000000,1139.300049,1151.699951,1140.976196,578071
2017-08-30,1149.900024,1160.349976,1144.300049,1153.349976,1142.610840,674280
2017-08-31,1146.349976,1174.000000,1144.300049,1168.550049,1157.669434,1131097
2017-09-01,1174.199951,1219.000000,1166.000000,1215.900024,1204.578613,1523879
2017-09-04,1215.900024,1215.900024,1192.000000,1197.050049,1185.904053,682612
2017-09-05,1201.250000,1223.050049,1200.400024,1206.349976,1195.117554,714964
2017-09-06,1198.349976,1213.449951,1198.000000,1206.050049,1194.820313,370400
2017-09-07,1218.000000,1218.800049,1193.949951,1198.650024,1187.489258,832839
2017-09-08,1195.000000,1206.000000,1190.000000,1203.949951,1192.739868,477517
2017-09-11,1206.000000,1241.000000,1199.599976,1238.050049,1226.522339,843302
2017-09-12,1242.000000,1259.949951,1236.050049,1256.349976,1244.651978,1461215
2017-09-13,1250.050049,1262.000000,1249.000000,1254.949951,1243.264771,913364
2017-09-14,1258.000000,1262.000000,1241.000000,1246.050049,1234.447998,754072
2017-09-15,1230.500000,1249.650024,1226.199951,1245.500000,1233.902954,912016
2017-09-18,1250.000000,1261.000000,1248.800049,1255.949951,1244.255615,419287
2017-09-19,1262.000000,1262.000000,1249.199951,1253.300049,1241.630371,464997
2017-09-20,1256.500000,1256.900024,1235.000000,1237.300049,1225.779297,473176
2017-09-21,1238.000000,1247.250000,1224.949951,1229.099976,1217.655640,772766
2017-09-22,1218.050049,1230.199951,1204.900024,1213.250000,1201.953125,896125
2017-09-25,1205.150024,1213.449951,1192.000000,1196.949951,1185.804932,917093
2017-09-26,1187.000000,1189.750000,1164.000000,1174.000000,1163.068604,740276
2017-09-27,1173.099976,1178.550049,1152.849976,1160.000000,1149.198975,786410
2017-09-28,1155.000000,1165.000000,1123.000000,1130.000000,1119.478394,2353175
2017-09-29,1130.000000,1144.949951,1127.000000,1131.699951,1121.162476,791548
2017-10-03,1141.300049,1160.000000,1135.500000,1148.800049,1138.103394,834092
2017-10-04,1154.000000,1167.099976,1147.550049,1154.050049,1143.304565,626750
2017-10-05,1149.650024,1161.500000,1147.599976,1153.250000,1142.511841,327057
2017-10-06,1155.000000,1169.699951,1153.000000,1157.300049,1146.524170,344962
2017-10-09,1169.800049,1169.800049,1152.800049,1158.599976,1147.812012,363972
2017-10-10,1156.000000,1166.949951,1154.000000,1163.000000,1152.171021,316767
2017-10-11,1170.000000,1175.750000,1155.000000,1160.599976,1149.793335,602214
2017-10-12,1156.500000,1162.000000,1146.050049,1158.800049,1148.010254,658884
2017-10-13,1158.800049,1177.099976,1154.150024,1174.250000,1163.316406,417081
2017-10-16,1181.000000,1185.000000,1166.000000,1171.050049,1160.146240,689380
2017-10-17,1170.000000,1200.000000,1170.000000,1197.150024,1186.003052,979278
2017-10-18,1197.800049,1197.800049,1170.000000,1179.650024,1168.666138,523048
2017-10-19,1175.000000,1183.250000,1171.150024,1178.500000,1167.526733,77085
2017-10-23,1184.449951,1191.849976,1159.000000,1174.150024,1163.217285,698954
2017-10-24,1175.000000,1234.000000,1175.000000,1222.900024,1211.513306,2345084
2017-10-25,1222.900024,1232.050049,1195.000000,1201.699951,1190.510620,1015698
2017-10-26,1194.000000,1203.650024,1180.699951,1191.150024,1180.059082,808543
2017-10-27,1193.900024,1195.000000,1178.599976,1184.550049,1173.520508,346755
2017-10-30,1185.000000,1198.800049,1179.550049,1182.550049,1171.539063,280643
2017-10-31,1182.000000,1188.849976,1176.150024,1180.849976,1172.482300,279632
2017-11-01,1185.000000,1188.550049,1174.000000,1175.949951,1167.617065,260543
2017-11-02,1176.400024,1181.949951,1166.000000,1178.400024,1170.049683,245949
2017-11-03,1182.449951,1183.099976,1167.300049,1172.449951,1164.141846,258595
2017-11-06,1168.000000,1173.099976,1155.000000,1162.349976,1154.113403,314729
2017-11-07,1158.000000,1164.650024,1132.500000,1141.449951,1133.361450,758497
2017-11-08,1147.099976,1179.400024,1145.050049,1172.199951,1163.893555,691775
2017-11-09,1177.849976,1198.449951,1173.599976,1195.599976,1187.127808,884722
2017-11-10,1194.900024,1194.900024,1160.000000,1178.599976,1170.248291,1130647
2017-11-13,1184.000000,1189.500000,1168.849976,1174.949951,1166.624023,363501
2017-11-14,1174.949951,1176.000000,1152.400024,1155.050049,1146.865234,547558
2017-11-15,1155.000000,1190.000000,1151.050049,1181.550049,1173.177368,829732
2017-11-16,1183.000000,1189.000000,1175.000000,1179.550049,1171.191528,429230
2017-11-17,1186.000000,1193.900024,1166.000000,1171.300049,1163.000000,454013
2017-11-20,1173.000000,1176.449951,1159.650024,1166.349976,1158.085083,255840
2017-11-21,1168.599976,1175.000000,1156.000000,1160.300049,1152.078003,421268
2017-11-22,1162.500000,1176.500000,1155.000000,1174.300049,1165.978760,731572
2017-11-23,1175.500000,1177.900024,1157.050049,1159.599976,1151.382935,482632
2017-11-24,1164.000000,1164.000000,1148.150024,1159.599976,1151.382935,406704
2017-11-27,1158.000000,1160.000000,1146.099976,1156.500000,1148.304810,373156
2017-11-28,1157.500000,1174.900024,1150.150024,1171.000000,1162.702026,445227
2017-11-29,1166.000000,1176.349976,1148.250000,1153.849976,1145.673584,516698
2017-11-30,1150.250000,1158.000000,1141.349976,1146.750000,1138.624023,1433116
2017-12-01,1147.199951,1154.000000,1130.250000,1133.750000,1125.716064,397188
2017-12-04,1145.449951,1145.449951,1117.000000,1121.000000,1113.056396,455769
2017-12-05,1122.000000,1124.150024,1108.050049,1115.000000,1107.098877,702853
2017-12-06,1114.800049,1114.949951,1099.000000,1104.349976,1096.524292,723473
2017-12-07,1108.000000,1151.000000,1106.849976,1144.400024,1136.290527,986078
2017-12-08,1144.949951,1153.500000,1130.099976,1135.500000,1127.453613,593327
2017-12-11,1142.000000,1142.699951,1123.400024,1125.849976,1117.872070,551772
2017-12-12,1131.849976,1131.849976,1101.000000,1117.400024,1109.482056,1060836
2017-12-13,1117.900024,1137.500000,1110.000000,1116.550049,1108.637939,646677
2017-12-14,1122.000000,1129.550049,1115.400024,1123.449951,1115.488892,543059
2017-12-15,1129.000000,1134.699951,1116.000000,1118.699951,1110.772583,897594
2017-12-18,1120.000000,1139.949951,1110.000000,1137.150024,1129.092041,622558
2017-12-19,1149.000000,1149.500000,1130.949951,1137.699951,1129.637939,459494
2017-12-20,1137.500000,1141.949951,1125.000000,1135.500000,1127.453613,458160
2017-12-21,1140.949951,1144.000000,1130.400024,1137.900024,1129.836670,460388
2017-12-22,1137.000000,1142.500000,1132.500000,1138.000000,1129.935913,377780
2017-12-26,1142.000000,1155.599976,1140.199951,1150.750000,1142.595581,820589
2017-12-27,1150.000000,1157.000000,1142.000000,1149.050049,1140.907715,611258
2017-12-28,1146.000000,1154.349976,1138.349976,1144.400024,1136.290527,536350
2017-12-29,1145.099976,1172.500000,1142.050049,1158.500000,1150.290649,965848
2018-01-01,1163.000000,1165.000000,1138.099976,1143.650024,1135.545898,591349
2018-01-02,1146.000000,1150.000000,1134.050049,1142.750000,1134.652344,516171
2018-01-03,1149.000000,1149.000000,1135.300049,1141.900024,1133.808350,593809
2018-01-04,1149.000000,1178.000000,1145.900024,1172.050049,1163.744751,729965
2018-01-05,1178.000000,1192.000000,1167.449951,1185.250000,1176.851074,1151320
2018-01-08,1190.000000,1190.849976,1173.500000,1182.000000,1173.624146,928875
2018-01-09,1183.099976,1197.199951,1175.099976,1193.050049,1184.595947,699621
2018-01-10,1186.000000,1189.099976,1171.099976,1177.400024,1169.056763,1102382
2018-01-11,1179.900024,1189.949951,1170.000000,1188.949951,1180.524902,475476
2018-01-12,1187.000000,1192.550049,1176.000000,1189.699951,1181.269531,390841
2018-01-15,1189.650024,1208.199951,1182.449951,1204.050049,1195.517944,723833
2018-01-16,1204.050049,1204.050049,1184.000000,1188.750000,1180.326416,557253
2018-01-17,1186.800049,1196.400024,1178.400024,1193.750000,1185.290894,506648
2018-01-18,1195.000000,1204.099976,1181.000000,1188.250000,1179.829834,500762
2018-01-19,1183.099976,1195.000000,1177.900024,1189.900024,1181.468140,722692
2018-01-22,1192.000000,1193.699951,1164.099976,1176.000000,1167.666748,942542
2018-01-23,1176.000000,1177.849976,1156.199951,1169.900024,1161.609985,1841634
2018-01-24,1170.000000,1171.650024,1145.050049,1151.050049,1142.893555,1122469
2018-01-25,1148.000000,1161.400024,1143.449951,1150.449951,1142.297607,1563047
2018-01-29,1154.000000,1164.250000,1147.599976,1152.050049,1143.886475,1538762
2018-01-30,1151.000000,1152.000000,1123.449951,1126.699951,1118.715942,1404578
2018-01-31,1128.000000,1139.800049,1124.000000,1128.300049,1120.304810,961596
2018-02-01,1126.000000,1157.349976,1126.000000,1153.000000,1144.829712,1103162
2018-02-02,1148.000000,1148.000000,1123.949951,1137.900024,1129.836670,872105
2018-02-05,1121.199951,1140.000000,1114.300049,1134.099976,1126.063599,1263378
2018-02-06,1110.000000,1127.000000,1090.099976,1110.250000,1102.382568,1055719
2018-02-07,1115.000000,1125.199951,1106.550049,1121.099976,1113.155640,854461
2018-02-08,1128.000000,1131.300049,1110.000000,1124.050049,1116.084839,1185917
2018-02-09,1101.000000,1142.250000,1101.000000,1130.750000,1122.737305,666922
2018-02-12,1138.000000,1150.000000,1135.900024,1144.400024,1136.290527,646362
2018-02-14,1144.000000,1144.000000,1127.000000,1139.150024,1131.077881,691596
2018-02-15,1135.000000,1139.900024,1123.000000,1135.449951,1127.403931,471072
2018-02-16,1136.500000,1147.000000,1130.000000,1143.849976,1135.744385,734476
2018-02-19,1145.000000,1145.800049,1111.550049,1120.349976,1112.411011,443677
2018-02-20,1123.949951,1136.000000,1112.750000,1126.400024,1118.418213,662281
2018-02-21,1132.349976,1133.250000,1115.000000,1127.199951,1119.212402,720563
2018-02-22,1122.699951,1126.400024,1101.000000,1118.099976,1110.177002,1559398
2018-02-23,1117.050049,1117.050049,1098.900024,1101.800049,1093.992554,1140118
2018-02-26,1110.000000,1110.000000,1095.400024,1104.800049,1096.971313,1170283
2018-02-27,1104.800049,1113.000000,1098.949951,1110.349976,1102.481812,610498
2018-02-28,1104.000000,1124.000000,1099.250000,1117.750000,1109.829468,1006756
2018-03-01,1120.000000,1124.199951,1108.000000,1118.900024,1110.971313,736217
2018-03-05,1110.250000,1114.849976,1100.000000,1105.949951,1098.113037,529677
2018-03-06,1112.599976,1112.599976,1100.000000,1101.599976,1093.793823,702294
2018-03-07,1105.699951,1109.949951,1095.250000,1107.250000,1099.403931,669686
2018-03-08,1114.800049,1130.000000,1107.599976,1127.599976,1119.609619,751329
2018-03-09,1133.000000,1140.000000,1124.400024,1129.099976,1121.098999,1158526
2018-03-12,1131.099976,1134.000000,1120.000000,1131.500000,1123.481934,527293
2018-03-13,1125.199951,1143.000000,1125.199951,1140.300049,1132.219604,711550
2018-03-14,1139.949951,1144.449951,1131.099976,1137.000000,1128.942993,1360578
2018-03-15,1132.150024,1163.750000,1132.150024,1160.800049,1152.574341,1146702
2018-03-16,1159.900024,1159.900024,1118.400024,1122.750000,1114.793945,1946844
2018-03-19,1121.150024,1124.000000,1097.900024,1102.550049,1094.737183,855444
2018-03-20,1102.000000,1117.000000,1092.150024,1106.500000,1098.659058,720303
2018-03-21,1106.500000,1116.000000,1100.000000,1103.550049,1095.730103,612237
2018-03-22,1102.500000,1110.000000,1100.000000,1107.099976,1099.254883,478426
2018-03-23,1094.849976,1120.000000,1093.050049,1112.650024,1104.765625,828523
2018-03-26,1112.000000,1119.000000,1101.000000,1117.550049,1109.630981,479675
2018-03-27,1119.000000,1138.000000,1116.400024,1131.099976,1123.084839,672158
2018-03-28,1130.849976,1130.849976,1115.000000,1120.400024,1112.460693,699839
2018-04-02,1120.400024,1153.949951,1111.500000,1150.150024,1141.999878,428944
2018-04-03,1145.050049,1156.699951,1138.949951,1152.099976,1143.936035,561118
2018-04-04,1156.900024,1157.699951,1126.000000,1136.000000,1127.950073,607619
2018-04-05,1151.800049,1156.800049,1137.550049,1142.900024,1134.801270,549137
2018-04-06,1142.900024,1152.800049,1135.000000,1143.500000,1135.396973,395626
2018-04-09,1145.000000,1171.500000,1139.949951,1157.449951,1149.248169,837112
2018-04-10,1159.000000,1167.699951,1152.900024,1156.750000,1148.552979,546269
2018-04-11,1157.000000,1158.599976,1141.199951,1155.849976,1147.659424,419140
2018-04-12,1149.500000,1169.900024,1144.900024,1165.199951,1156.943115,360744
2018-04-13,1170.000000,1176.849976,1157.849976,1162.199951,1153.964478,639579
2018-04-16,1160.000000,1188.500000,1155.000000,1178.849976,1170.496460,550645
2018-04-17,1180.000000,1187.400024,1169.000000,1176.000000,1167.666748,432543
2018-04-18,1179.000000,1185.000000,1168.000000,1172.300049,1163.992920,465763
2018-04-19,1172.000000,1187.000000,1162.599976,1165.000000,1156.744629,620949
2018-04-20,1165.000000,1165.949951,1142.250000,1159.349976,1151.134644,727517
2018-04-23,1160.900024,1181.400024,1145.400024,1178.699951,1170.347534,554353
2018-04-24,1177.500000,1182.449951,1161.900024,1170.099976,1161.808472,484112
2018-04-25,1167.000000,1168.800049,1156.050049,1163.050049,1154.808472,280574
2018-04-26,1164.000000,1177.050049,1149.550049,1155.699951,1147.510498,1638937
2018-04-27,1165.250000,1199.099976,1164.250000,1181.599976,1173.226929,803227
2018-04-30,1189.699951,1207.000000,1182.400024,1201.699951,1193.184570,505974
2018-05-02,1200.250000,1230.599976,1197.400024,1222.300049,1213.638672,2011978
2018-05-03,1220.300049,1230.000000,1201.000000,1206.750000,1198.198730,641515
2018-05-04,1212.000000,1212.000000,1178.099976,1190.449951,1182.014160,743905
2018-05-07,1192.000000,1220.800049,1180.000000,1215.250000,1206.638550,728801
2018-05-08,1219.000000,1224.000000,1205.000000,1209.900024,1201.326538,627060
2018-05-09,1197.599976,1229.099976,1197.599976,1222.550049,1213.886841,729538
2018-05-10,1232.000000,1238.000000,1207.500000,1217.699951,1209.071045,1904962
2018-05-11,1237.000000,1291.900024,1229.849976,1286.449951,1277.333984,4723019
2018-05-14,1285.000000,1305.000000,1268.599976,1297.349976,1288.156738,1553283
2018-05-15,1291.000000,1323.449951,1288.800049,1314.650024,1305.334229,1368261
2018-05-16,1305.150024,1332.000000,1300.849976,1323.699951,1314.319946,736281
2018-05-17,1313.150024,1330.000000,1303.550049,1309.449951,1300.170898,751423
2018-05-18,1305.000000,1316.400024,1287.599976,1308.349976,1299.078857,939743
2018-05-21,1305.000000,1314.699951,1290.849976,1301.699951,1292.475952,692442
2018-05-22,1298.000000,1302.000000,1279.000000,1286.849976,1277.731079,708573
2018-05-23,1281.000000,1292.150024,1269.599976,1278.599976,1269.539673,509522
2018-05-24,1277.099976,1302.900024,1263.000000,1293.599976,1284.433350,774173
2018-05-25,1300.000000,1310.000000,1280.000000,1292.349976,1283.192139,773652
2018-05-28,1294.500000,1331.900024,1291.550049,1321.849976,1312.483154,657272
2018-05-29,1326.000000,1330.000000,1289.000000,1299.500000,1290.291626,769331
2018-05-30,1290.000000,1300.949951,1283.349976,1293.849976,1284.681519,478025
2018-05-31,1300.199951,1311.699951,1287.000000,1304.650024,1295.405029,1400776
2018-06-01,1307.000000,1310.000000,1290.800049,1293.050049,1283.887207,368820
2018-06-04,1295.000000,1297.500000,1265.000000,1284.449951,1275.348145,939794
2018-06-05,1276.250000,1293.300049,1270.550049,1273.599976,1264.575073,524237
2018-06-06,1270.900024,1270.900024,1245.050049,1262.800049,1253.851685,1211557
2018-06-07,1270.150024,1297.000000,1256.000000,1290.800049,1281.653198,701247
2018-06-08,1275.000000,1288.550049,1272.000000,1278.849976,1269.787842,442333
2018-06-11,1279.000000,1295.900024,1275.199951,1283.300049,1274.206421,373098
2018-06-12,1278.550049,1292.000000,1275.199951,1287.699951,1278.575073,401090
2018-06-13,1290.000000,1292.750000,1281.949951,1286.400024,1277.284302,566241
2018-06-14,1280.449951,1289.650024,1270.000000,1286.099976,1283.020508,507824
2018-06-15,1284.900024,1286.650024,1268.099976,1282.199951,1279.129883,1048699
2018-06-18,1289.400024,1289.650024,1271.000000,1282.050049,1278.980347,512049
2018-06-19,1273.000000,1287.650024,1265.000000,1269.199951,1266.161011,572488
2018-06-20,1275.000000,1275.000000,1260.000000,1271.300049,1268.256104,484907
2018-06-21,1272.000000,1279.900024,1246.000000,1253.000000,1249.999878,1179247
2018-06-22,1261.500000,1273.550049,1240.199951,1267.699951,1264.664551,646452
2018-06-25,1268.000000,1272.099976,1249.300049,1253.449951,1250.448730,936253
2018-06-26,1255.000000,1279.849976,1253.000000,1274.599976,1271.548096,1262632
2018-06-27,1279.150024,1285.000000,1263.000000,1267.150024,1264.115967,857951
2018-06-28,1267.150024,1273.449951,1250.000000,1268.400024,1265.363037,729637
2018-06-29,1268.250000,1271.099976,1252.150024,1264.449951,1261.422363,622680
2018-07-02,1266.500000,1297.949951,1261.000000,1293.050049,1289.953979,1437438
2018-07-03,1298.599976,1308.599976,1288.099976,1291.849976,1288.756836,1399979
2018-07-04,1296.000000,1299.949951,1282.750000,1289.800049,1286.711792,619316
2018-07-05,1294.800049,1330.000000,1278.300049,1321.400024,1318.236084,1733903
2018-07-06,1325.000000,1335.400024,1309.050049,1323.150024,1319.981934,1662920
2018-07-09,1330.000000,1367.900024,1325.250000,1363.099976,1359.836182,1391869
2018-07-10,1362.800049,1375.500000,1355.000000,1370.449951,1367.168579,796987
2018-07-11,1360.000000,1384.750000,1357.349976,1359.800049,1356.544189,784238
2018-07-12,1370.000000,1379.000000,1346.000000,1357.900024,1354.648682,953054
2018-07-13,1359.500000,1374.400024,1358.699951,1367.800049,1364.525024,655594
2018-07-16,1370.000000,1394.900024,1351.099976,1359.550049,1356.294800,1234066
2018-07-17,1365.400024,1383.500000,1353.099976,1376.250000,1372.954712,1166581
2018-07-18,1386.000000,1399.949951,1377.550049,1393.000000,1389.664673,1085504
2018-07-19,1395.000000,1408.500000,1393.949951,1403.000000,1399.640747,848175
2018-07-20,1403.000000,1404.750000,1381.500000,1396.449951,1393.106323,575194
2018-07-23,1425.099976,1464.400024,1396.599976,1433.199951,1429.768311,1975242
2018-07-24,1443.000000,1476.199951,1425.500000,1467.750000,1464.235596,2171087
2018-07-25,1453.000000,1490.599976,1421.349976,1450.150024,1446.677856,4310816
2018-07-26,1448.099976,1457.849976,1422.250000,1433.849976,1430.416748,1732715
2018-07-27,1437.000000,1454.000000,1425.349976,1434.849976,1431.414429,630981
2018-07-30,1434.250000,1451.849976,1427.000000,1430.199951,1426.775513,750392
2018-07-31,1430.000000,1456.599976,1426.000000,1451.400024,1447.924805,1221636
2018-08-01,1458.000000,1459.949951,1430.800049,1437.199951,1433.758789,1121286
2018-08-02,1437.199951,1443.900024,1414.849976,1418.400024,1415.003784,836564
2018-08-03,1424.000000,1426.250000,1407.000000,1411.849976,1408.469482,1002287
2018-08-06,1420.000000,1420.900024,1394.699951,1397.400024,1394.054077,795996
2018-08-07,1399.000000,1438.000000,1399.000000,1424.250000,1420.839844,1915936
2018-08-08,1430.949951,1447.650024,1417.000000,1425.750000,1422.336182,1063862
2018-08-09,1431.900024,1433.949951,1414.099976,1417.349976,1413.956299,903734
2018-08-10,1420.000000,1439.900024,1409.250000,1418.599976,1415.203369,997053
2018-08-13,1414.000000,1421.599976,1397.000000,1399.250000,1395.899658,875198
2018-08-14,1407.900024,1416.699951,1391.550049,1395.099976,1391.759521,729379
2018-08-16,1401.000000,1410.000000,1387.000000,1394.800049,1391.460327,1050412
2018-08-17,1403.000000,1405.150024,1390.000000,1400.650024,1397.296387,537229
2018-08-20,1406.000000,1431.000000,1398.000000,1409.099976,1405.726074,1259905
2018-08-21,1416.449951,1425.949951,1395.400024,1403.300049,1399.940063,1520772
2018-08-23,1410.000000,1412.000000,1390.699951,1394.750000,1391.410400,859955
2018-08-24,1395.000000,1411.000000,1385.050049,1393.500000,1390.163452,919355
2018-08-27,1397.500000,1407.000000,1396.500000,1399.800049,1396.448364,785772
2018-08-28,1402.000000,1419.650024,1401.000000,1407.500000,1404.129883,1290318
2018-08-29,1413.750000,1413.750000,1391.000000,1394.000000,1390.662231,743529
2018-08-30,1394.099976,1398.699951,1373.550049,1378.699951,1375.398804,1062266
2018-08-31,1383.000000,1392.000000,1364.199951,1372.449951,1369.163818,1006329
2018-09-03,1384.000000,1387.500000,1355.000000,1361.599976,1358.339844,817733
2018-09-04,1360.000000,1364.599976,1302.500000,1311.300049,1308.160278,1789240
2018-09-05,1314.500000,1330.000000,1302.449951,1321.300049,1318.136353,1222703
2018-09-06,1327.949951,1331.949951,1308.000000,1314.500000,1311.352539,726455
2018-09-07,1322.800049,1322.800049,1310.000000,1316.000000,1312.848999,912914
2018-09-10,1314.599976,1318.000000,1280.500000,1293.099976,1290.003784,1121083
2018-09-11,1295.000000,1313.300049,1286.699951,1297.849976,1294.742432,1676544
2018-09-12,1303.500000,1303.500000,1280.000000,1291.000000,1287.908813,1111171
2018-09-14,1298.800049,1336.550049,1297.550049,1333.900024,1330.706177,1498792
2018-09-17,1329.949951,1329.949951,1302.000000,1308.650024,1305.516602,965321
2018-09-18,1306.000000,1331.750000,1285.000000,1292.099976,1289.006226,1088372
2018-09-19,1304.199951,1319.199951,1287.000000,1291.349976,1288.257935,929673
2018-09-21,1292.099976,1324.849976,1211.900024,1304.750000,1301.625977,1867297
2018-09-24,1300.000000,1316.650024,1256.000000,1271.949951,1268.904419,1691456
2018-09-25,1271.800049,1304.849976,1257.150024,1289.900024,1286.811523,1262738
2018-09-26,1300.000000,1303.500000,1274.000000,1282.000000,1278.930420,1338324
2018-09-27,1294.800049,1314.000000,1276.449951,1287.500000,1284.417236,1901166
2018-09-28,1293.000000,1315.000000,1286.000000,1293.300049,1290.203369,1549540
2018-10-01,1299.000000,1307.900024,1269.000000,1279.800049,1276.735718,1143818
2018-10-03,1264.900024,1269.000000,1246.150024,1251.750000,1248.752808,1236645
2018-10-04,1228.000000,1239.199951,1214.000000,1224.699951,1221.767578,1557441
2018-10-05,1221.449951,1240.000000,1191.849976,1209.500000,1206.604004,1344685
2018-10-08,1210.000000,1254.000000,1201.099976,1247.800049,1244.812378,1050759
2018-10-09,1254.000000,1255.900024,1191.000000,1201.400024,1198.523438,1088738
2018-10-10,1205.900024,1240.849976,1180.900024,1225.949951,1223.014526,803576
2018-10-11,1201.000000,1221.500000,1190.449951,1219.050049,1216.131226,781348
2018-10-12,1233.900024,1265.949951,1233.900024,1261.199951,1258.180176,1000950
2018-10-15,1255.000000,1257.199951,1241.500000,1250.300049,1247.306396,728514
2018-10-16,1257.000000,1282.900024,1252.550049,1267.599976,1264.564819,908616
2018-10-17,1282.199951,1282.250000,1255.000000,1259.000000,1255.985474,698043
2018-10-19,1264.000000,1287.000000,1220.449951,1235.400024,1232.442017,1449043
2018-10-22,1245.000000,1247.150024,1191.000000,1200.400024,1197.525757,1949683
2018-10-23,1135.199951,1190.000000,1118.000000,1138.449951,1135.724121,8272850
2018-10-24,1160.000000,1199.000000,1150.150024,1186.900024,1184.058105,2370198
2018-10-25,1180.500000,1208.949951,1175.000000,1200.050049,1197.176636,1995349
2018-10-26,1200.000000,1202.000000,1168.349976,1190.300049,1187.450073,1440249
2018-10-29,1194.800049,1213.699951,1186.500000,1196.050049,1196.050049,1186190
2018-10-30,1194.800049,1208.000000,1175.550049,1196.300049,1196.300049,1075337
2018-10-31,1205.599976,1234.949951,1183.849976,1230.400024,1230.400024,1561884
2018-11-01,1233.000000,1244.800049,1213.800049,1217.800049,1217.800049,1200280
2018-11-02,1242.000000,1291.550049,1241.250000,1247.000000,1247.000000,2235848
2018-11-05,1252.000000,1260.650024,1232.500000,1244.050049,1244.050049,756887
2018-11-06,1242.199951,1255.000000,1235.000000,1238.500000,1238.500000,815046
2018-11-07,1250.000000,1254.000000,1239.199951,1250.949951,1250.949951,100134
2018-11-09,1259.800049,1308.900024,1256.849976,1295.599976,1295.599976,2026920
2018-11-12,1295.000000,1314.900024,1275.150024,1278.800049,1278.800049,1100286
2018-11-13,1277.449951,1295.599976,1277.449951,1284.900024,1284.900024,1632176
2018-11-14,1312.000000,1337.949951,1302.000000,1320.550049,1320.550049,1631802
2018-11-15,1320.000000,1331.849976,1313.400024,1318.300049,1318.300049,1065640
2018-11-16,1320.000000,1329.800049,1313.199951,1321.300049,1321.300049,1113304
2018-11-19,1329.000000,1329.849976,1305.000000,1312.150024,1312.150024,784645
2018-11-20,1317.000000,1331.050049,1304.699951,1306.849976,1306.849976,867729
2018-11-21,1329.000000,1342.500000,1313.750000,1324.199951,1324.199951,1374789
2018-11-22,1330.000000,1330.699951,1308.750000,1314.400024,1314.400024,691593
2018-11-26,1329.949951,1357.550049,1323.599976,1349.500000,1349.500000,2149117
2018-11-27,1346.800049,1346.800049,1326.050049,1339.599976,1339.599976,1130756
2018-11-28,1352.900024,1354.550049,1319.150024,1324.250000,1324.250000,1205630
2018-11-29,1336.000000,1355.000000,1330.699951,1350.300049,1350.300049,3556169
2018-11-30,1352.800049,1361.750000,1342.150024,1345.949951,1345.949951,1030541
2018-12-03,1345.000000,1359.000000,1335.050049,1338.699951,1338.699951,710748
2018-12-04,1336.550049,1354.699951,1326.449951,1329.449951,1329.449951,830261
2018-12-05,1328.500000,1343.000000,1323.599976,1329.500000,1329.500000,864628
2018-12-06,1324.000000,1324.949951,1286.599976,1295.099976,1295.099976,896350
2018-12-07,1306.500000,1324.000000,1298.400024,1318.650024,1318.650024,1037026
2018-12-10,1280.000000,1306.250000,1262.300049,1274.199951,1274.199951,1074399
2018-12-11,1268.000000,1336.449951,1252.150024,1323.599976,1323.599976,1746513
2018-12-12,1323.000000,1337.199951,1311.849976,1330.900024,1330.900024,986580
2018-12-13,1338.449951,1343.199951,1316.000000,1320.199951,1320.199951,1175211
2018-12-14,1332.800049,1351.000000,1320.000000,1340.949951,1340.949951,1869410
2018-12-17,1340.000000,1344.949951,1330.000000,1335.849976,1335.849976,665295
2018-12-18,1338.449951,1361.000000,1327.550049,1355.699951,1355.699951,1581385
2018-12-19,1370.000000,1406.800049,1370.000000,1400.250000,1400.250000,3334213
2018-12-20,1389.900024,1431.550049,1389.050049,1425.800049,1425.800049,2578234
2018-12-21,1433.900024,1433.900024,1382.300049,1388.199951,1388.199951,2098064
2018-12-24,1388.000000,1388.949951,1351.099976,1357.050049,1357.050049,1649577
2018-12-26,1367.949951,1374.900024,1347.400024,1363.000000,1363.000000,1790087
2018-12-27,1360.050049,1384.750000,1354.300049,1372.500000,1372.500000,2174090
2018-12-28,1383.000000,1383.000000,1359.000000,1366.000000,1366.000000,1705033
2018-12-31,1375.000000,1378.000000,1367.300049,1373.050049,1373.050049,698593
2019-01-01,1373.199951,1379.699951,1358.599976,1371.550049,1371.550049,664707
2019-01-02,1367.000000,1386.849976,1361.599976,1383.300049,1383.300049,1233780
2019-01-03,1381.800049,1393.849976,1378.000000,1388.300049,1388.300049,1636293
2019-01-04,1388.000000,1401.400024,1381.400024,1385.849976,1385.849976,1202397
2019-01-07,1386.000000,1405.400024,1383.750000,1396.000000,1396.000000,1074373
2019-01-08,1401.000000,1412.699951,1395.500000,1401.250000,1401.250000,1232440
2019-01-09,1402.500000,1414.000000,1397.150024,1402.000000,1402.000000,973687
2019-01-10,1390.000000,1400.000000,1388.650024,1396.349976,1396.349976,1004783
2019-01-11,1399.750000,1406.199951,1392.400024,1403.650024,1403.650024,473391
2019-01-14,1404.000000,1410.599976,1385.449951,1388.599976,1388.599976,1360800
2019-01-15,1388.599976,1414.449951,1388.599976,1405.949951,1405.949951,1355920
2019-01-16,1410.000000,1412.949951,1387.699951,1389.750000,1389.750000,1189597
2019-01-17,1390.000000,1398.500000,1383.800049,1389.599976,1389.599976,853829
2019-01-18,1391.000000,1404.750000,1383.000000,1400.449951,1400.449951,1092189
2019-01-21,1395.199951,1424.800049,1395.199951,1422.099976,1422.099976,2513582
2019-01-22,1423.900024,1432.050049,1375.250000,1406.949951,1406.949951,5483768
2019-01-23,1429.000000,1429.449951,1390.000000,1396.550049,1396.550049,2702265
2019-01-24,1400.000000,1413.500000,1396.500000,1401.849976,1401.849976,1562800
2019-01-25,1408.400024,1413.699951,1353.300049,1372.150024,1372.150024,1613548
2019-01-28,1375.000000,1391.000000,1366.849976,1379.500000,1379.500000,1590764
2019-01-29,1377.000000,1400.000000,1373.199951,1393.300049,1393.300049,1061762
2019-01-30,1394.000000,1416.800049,1372.099976,1390.400024,1390.400024,1313152
2019-01-31,1400.000000,1415.000000,1391.050049,1412.599976,1412.599976,1256050
2019-02-01,1412.400024,1469.650024,1408.199951,1457.199951,1457.199951,2077539
2019-02-04,1444.000000,1452.800049,1434.000000,1446.349976,1446.349976,735159
2019-02-05,1444.949951,1466.900024,1443.099976,1450.349976,1450.349976,786961
2019-02-06,1457.849976,1476.199951,1452.300049,1469.400024,1469.400024,1088914
2019-02-07,1467.050049,1476.800049,1457.000000,1472.449951,1472.449951,697412
2019-02-08,1468.000000,1480.000000,1445.000000,1448.800049,1448.800049,1018518
2019-02-11,1447.900024,1457.300049,1427.000000,1437.099976,1437.099976,728051
2019-02-12,1438.500000,1456.900024,1435.250000,1452.099976,1452.099976,947583
2019-02-14,1417.650024,1423.150024,1396.500000,1399.199951,1399.199951,915441
2019-02-15,1400.800049,1404.949951,1372.099976,1393.599976,1393.599976,1113223
2019-02-18,1401.699951,1401.699951,1345.000000,1380.050049,1380.050049,1460282
2019-02-19,1372.050049,1396.949951,1371.000000,1377.849976,1377.849976,697530
2019-02-20,1380.000000,1398.800049,1376.000000,1396.900024,1396.900024,843469
2019-02-21,1399.000000,1407.849976,1390.300049,1397.800049,1397.800049,677142
2019-02-22,1399.000000,1407.750000,1384.199951,1397.800049,1397.800049,801380
2019-02-25,1399.949951,1405.800049,1391.349976,1398.250000,1398.250000,711217
2019-02-26,1396.900024,1407.000000,1378.599976,1402.000000,1402.000000,1147218
2019-02-27,1404.000000,1430.849976,1395.000000,1405.699951,1405.699951,1462017
2019-02-28,1414.800049,1415.000000,1401.449951,1405.199951,1405.199951,1230935
2019-03-01,1409.000000,1417.949951,1388.099976,1392.349976,1392.349976,783876
2019-03-05,1393.500000,1409.750000,1382.699951,1403.849976,1403.849976,1214257
2019-03-06,1408.000000,1410.000000,1386.550049,1393.699951,1393.699951,720335
2019-03-07,1398.599976,1405.500000,1392.000000,1395.449951,1395.449951,746742
2019-03-08,1393.750000,1394.650024,1380.000000,1382.349976,1382.349976,524331
2019-03-11,1389.199951,1423.000000,1385.000000,1419.800049,1419.800049,1342007
2019-03-12,1422.000000,1445.349976,1421.199951,1428.099976,1428.099976,1333909
2019-03-13,1439.400024,1439.400024,1417.000000,1428.300049,1428.300049,708227
