Date,Open,High,Low,Close,Adj Close,Volume
2016-03-16,570.950012,577.500000,565.775024,576.224976,497.529083,5588850
2016-03-17,578.450012,584.875000,577.025024,580.875000,501.544037,6474622
2016-03-18,581.400024,599.500000,581.000000,596.700012,515.207764,8477422
2016-03-21,594.000000,599.500000,590.025024,597.450012,515.855347,5138392
2016-03-22,595.625000,597.000000,586.000000,594.974976,513.718445,7097950
2016-03-23,595.000000,605.349976,591.049988,603.900024,521.424561,6333176
2016-03-28,616.200012,618.500000,597.875000,602.450012,520.172546,10787510
2016-03-29,599.500000,609.450012,595.775024,598.625000,516.869934,6995356
2016-03-30,598.799988,605.000000,597.775024,602.974976,520.625793,5756818
2016-03-31,605.125000,614.950012,600.150024,609.150024,525.957581,17996320
2016-04-01,608.000000,611.099976,597.549988,602.724976,520.409973,5511428
2016-04-04,606.775024,624.000000,606.775024,621.849976,536.923035,4577054
2016-04-05,621.000000,621.150024,607.000000,609.900024,526.605042,4790716
2016-04-06,614.000000,614.000000,598.000000,600.349976,518.359314,4931354
2016-04-07,604.200012,604.200012,587.500000,590.750000,510.070404,5657890
2016-04-08,587.924988,588.750000,581.025024,582.875000,503.270935,4195578
2016-04-11,582.900024,593.375000,575.549988,591.950012,511.106567,5768678
2016-04-12,590.250000,597.450012,589.299988,591.099976,510.372589,5842138
2016-04-13,597.474976,597.474976,583.174988,586.349976,506.271271,12511386
2016-04-18,625.000000,633.950012,616.750000,619.349976,534.764465,25015990
2016-04-20,622.000000,623.224976,612.900024,621.799988,536.879883,8072848
2016-04-21,625.500000,625.500000,609.049988,613.150024,529.411194,5441100
2016-04-22,613.150024,614.250000,603.500000,605.625000,522.913879,5143938
2016-04-25,606.025024,612.400024,600.549988,607.924988,524.899780,5364134
2016-04-26,607.724976,619.775024,604.299988,616.075012,531.936707,5846744
2016-04-27,614.599976,621.174988,614.275024,620.075012,535.390442,4486208
2016-04-28,615.500000,619.799988,603.500000,604.575012,522.007324,12165168
2016-04-29,605.724976,611.775024,602.500000,604.049988,521.553955,5036410
2016-05-02,605.000000,605.575012,598.075012,600.525024,518.510437,3615250
2016-05-03,601.375000,606.099976,585.900024,588.900024,508.473114,6824810
2016-05-04,590.500000,596.500000,585.325012,594.424988,513.243530,5812842
2016-05-05,597.575012,599.500000,590.549988,596.224976,514.797668,6302668
2016-05-06,594.900024,594.900024,588.525024,590.750000,510.070404,2596720
2016-05-09,591.000000,600.775024,590.299988,599.525024,517.647095,5123678
2016-05-10,601.250000,608.325012,598.299988,606.400024,523.583069,3395704
2016-05-11,599.250000,607.349976,596.250000,600.924988,518.855774,3709888
2016-05-12,601.950012,606.500000,598.400024,605.000000,522.374268,3406932
2016-05-13,603.000000,605.000000,596.075012,603.625000,521.187012,5652064
2016-05-16,605.099976,611.825012,602.500000,607.500000,524.532837,4533878
2016-05-17,610.000000,612.875000,604.075012,607.125000,524.209106,3796294
2016-05-18,599.500000,607.000000,598.950012,604.924988,522.309509,4256596
2016-05-19,605.474976,608.075012,600.500000,602.875000,520.539368,3954400
2016-05-20,602.500000,609.750000,600.000000,600.799988,518.747864,3994548
2016-05-23,601.700012,602.575012,592.500000,594.000000,512.876526,4585946
2016-05-24,595.525024,595.875000,588.799988,593.875000,512.768616,3485060
2016-05-25,597.049988,606.549988,597.049988,604.325012,521.791504,3857396
2016-05-26,605.049988,619.900024,605.049988,617.075012,532.800110,6136436
2016-05-27,615.799988,629.750000,615.799988,623.750000,538.563599,6180764
2016-05-30,620.750000,636.000000,620.750000,633.799988,547.240967,5285700
2016-05-31,632.500000,633.375000,619.500000,624.325012,539.059998,13782038
2016-06-01,623.025024,634.250000,623.000000,629.099976,543.182800,4840534
2016-06-02,627.500000,637.450012,627.000000,630.775024,544.629150,5053552
2016-06-03,630.025024,639.650024,630.025024,633.450012,546.938843,3998380
2016-06-06,632.450012,638.500000,630.549988,633.375000,546.874023,4225768
2016-06-07,633.500000,636.250000,627.549988,628.700012,542.837524,5692420
2016-06-08,631.974976,631.974976,617.674988,619.049988,534.505493,8741370
2016-06-09,613.125000,613.125000,590.025024,592.750000,523.856018,12740804
2016-06-10,587.700012,595.000000,585.049988,590.299988,521.690735,6383956
2016-06-13,588.400024,592.450012,583.000000,590.450012,521.823303,5286722
2016-06-14,591.200012,591.200012,583.625000,587.500000,519.216125,2940728
2016-06-15,591.849976,596.325012,589.525024,594.974976,525.822388,6711572
2016-06-16,594.750000,594.750000,585.049988,593.000000,524.076965,5302564
2016-06-17,594.500000,596.375000,587.549988,589.750000,521.204651,8515082
2016-06-20,590.500000,605.900024,589.849976,604.375000,534.129761,6229566
2016-06-21,605.599976,607.400024,597.825012,603.049988,532.958862,4761724
2016-06-22,602.000000,605.974976,594.075012,599.750000,530.042358,3031258
2016-06-23,598.650024,607.424988,596.674988,605.799988,535.389221,3828626
2016-06-24,594.000000,599.500000,580.000000,597.275024,527.855103,7808348
2016-06-27,586.025024,591.599976,580.000000,583.099976,515.327576,5583778
2016-06-28,581.400024,586.250000,577.549988,579.575012,512.212280,7655974
2016-06-29,584.500000,589.950012,580.099976,588.424988,520.033630,5459150
2016-06-30,590.250000,592.250000,583.974976,585.400024,517.360291,9346224
2016-07-01,590.000000,590.000000,585.049988,586.200012,518.067261,3991912
2016-07-04,588.099976,597.299988,588.099976,591.974976,523.170959,5381322
2016-07-05,592.500000,593.750000,585.525024,587.724976,519.414978,3596416
2016-07-07,584.349976,585.500000,577.500000,578.625000,511.372681,5954876
2016-07-08,581.500000,583.500000,576.750000,579.099976,511.792419,5551648
2016-07-11,583.700012,589.349976,580.000000,587.525024,519.238281,6668882
2016-07-12,590.000000,590.174988,584.000000,588.275024,519.901123,6197368
2016-07-13,590.000000,597.900024,587.599976,596.900024,527.523621,5275420
2016-07-14,597.500000,598.025024,582.000000,588.125000,519.768555,7413328
2016-07-15,594.750000,594.950012,526.000000,536.275024,473.944946,61484126
2016-07-18,538.625000,542.450012,527.575012,540.974976,478.098633,14332824
2016-07-19,544.299988,545.000000,537.049988,543.474976,480.308105,10404644
2016-07-20,535.000000,544.950012,535.000000,541.549988,478.606781,9822896
2016-07-21,539.500000,543.599976,537.799988,539.950012,477.192810,8668002
2016-07-22,535.000000,539.950012,533.349976,536.224976,473.900757,9386538
2016-07-25,531.500000,541.625000,531.500000,540.424988,477.612549,8469552
2016-07-26,535.174988,544.950012,535.174988,544.349976,481.081360,7189610
2016-07-27,542.349976,548.250000,539.275024,542.674988,479.601074,7431820
2016-07-28,542.700012,543.474976,537.025024,538.750000,476.132294,11258562
2016-07-29,536.299988,538.375000,533.250000,536.924988,474.519348,8156784
2016-08-01,535.750000,543.924988,534.174988,542.625000,479.556885,9096662
2016-08-02,539.950012,542.500000,537.500000,541.900024,478.916138,6822502
2016-08-03,542.825012,543.250000,535.150024,542.450012,479.402222,7213460
2016-08-04,543.200012,543.450012,535.025024,535.900024,473.613586,4237278
2016-08-05,536.000000,536.724976,530.000000,534.000000,471.934357,5609968
2016-08-08,534.500000,540.500000,531.275024,539.349976,476.662506,4643064
2016-08-09,538.500000,542.250000,535.750000,541.700012,478.739471,7192664
2016-08-10,538.000000,543.950012,537.599976,541.174988,478.275452,5576454
2016-08-11,540.849976,547.500000,537.625000,538.674988,476.066010,5038552
2016-08-12,537.525024,539.400024,530.000000,531.275024,469.526093,7449928
2016-08-16,521.000000,529.025024,514.000000,525.900024,464.775818,16429408
2016-08-17,524.974976,526.325012,515.250000,516.650024,456.600952,6599316
2016-08-18,518.250000,519.549988,510.750000,511.700012,452.226257,8434000
2016-08-19,515.000000,519.500000,509.225006,510.649994,451.298218,5686016
2016-08-22,509.000000,515.000000,504.549988,507.725006,448.713226,10253518
2016-08-23,510.049988,521.000000,510.049988,519.825012,459.406891,7406138
2016-08-24,523.500000,531.025024,523.500000,528.700012,467.250366,6129966
2016-08-25,527.500000,528.799988,516.049988,518.075012,457.860321,4796562
2016-08-26,518.000000,523.000000,508.524994,510.125000,450.834320,6881054
2016-08-29,508.799988,515.000000,505.500000,511.399994,451.961090,5220282
2016-08-30,516.224976,522.500000,512.500000,520.200012,459.738312,4375438
2016-08-31,518.549988,522.875000,513.900024,517.924988,457.727692,11139814
2016-09-01,519.000000,520.224976,516.000000,518.775024,458.478943,2877826
2016-09-02,519.525024,520.000000,513.099976,515.924988,455.960144,3332592
2016-09-06,519.125000,524.450012,517.799988,522.500000,461.770966,8215044
2016-09-07,524.000000,529.500000,522.000000,527.174988,465.902557,7425470
2016-09-08,522.500000,522.500000,512.000000,518.825012,458.523102,9092774
2016-09-09,518.500000,520.500000,513.275024,517.750000,457.573059,5053438
2016-09-12,512.625000,529.000000,512.625000,527.000000,465.747894,6203096
2016-09-14,526.974976,528.900024,520.325012,522.799988,462.036102,5152418
2016-09-15,522.799988,523.400024,517.674988,521.099976,460.533691,4701722
2016-09-16,524.500000,532.250000,519.049988,530.075012,468.465576,9949384
2016-09-19,523.000000,534.450012,520.674988,530.599976,468.929504,5809154
2016-09-20,526.650024,528.575012,522.875000,525.075012,464.046722,4214004
2016-09-21,527.000000,530.625000,525.525024,527.875000,466.521271,4231532
2016-09-22,529.500000,530.500000,526.000000,529.400024,467.869019,3629514
2016-09-23,528.500000,529.400024,520.000000,521.275024,460.688354,5205294
2016-09-26,521.375000,522.000000,515.500000,517.950012,457.749847,6371798
2016-09-27,517.525024,524.950012,516.674988,519.875000,459.451111,6525660
2016-09-28,520.000000,521.150024,516.625000,519.474976,459.097534,5434708
2016-09-29,522.474976,522.474976,512.000000,514.599976,454.789154,8902638
2016-09-30,515.549988,521.950012,515.549988,518.025024,457.816101,6502354
2016-10-03,517.750000,520.000000,513.049988,519.049988,458.721985,3656160
2016-10-04,520.000000,525.700012,519.150024,524.599976,463.626892,5066586
2016-10-05,524.599976,524.924988,518.500000,520.750000,460.224365,2307574
2016-10-06,522.500000,522.500000,512.974976,513.700012,453.993805,3721882
2016-10-07,514.974976,516.900024,505.049988,506.274994,447.431763,6288558
2016-10-10,508.500000,515.875000,505.000000,514.974976,455.120575,5413170
2016-10-13,510.700012,529.000000,510.700012,526.174988,465.018860,9778690
2016-10-14,526.450012,541.349976,498.125000,513.575012,453.883331,33461690
2016-10-17,517.474976,520.900024,508.674988,511.200012,451.784363,8014858
2016-10-18,515.000000,520.250000,513.650024,519.525024,459.141785,6388134
2016-10-19,521.000000,522.849976,518.000000,520.900024,460.356995,3509836
2016-10-20,522.375000,525.349976,516.900024,518.325012,458.081238,3535490
2016-10-21,517.500000,520.500000,511.250000,519.150024,468.758453,3863620
2016-10-24,518.750000,521.349976,512.750000,513.549988,463.701965,2902974
2016-10-25,518.250000,519.450012,507.600006,508.600006,459.232483,5636014
2016-10-26,508.500000,509.924988,504.649994,507.100006,457.878113,2775216
2016-10-27,508.950012,508.975006,500.549988,501.750000,453.047394,7227790
2016-10-28,502.600006,505.000000,496.575012,498.750000,450.338562,5840706
2016-11-01,503.399994,503.399994,493.200012,494.725006,446.704254,6332798
2016-11-02,492.399994,493.750000,490.000000,490.524994,442.911957,5377194
2016-11-03,490.524994,491.000000,482.549988,483.424988,436.501068,5225108
2016-11-04,483.500000,489.600006,480.500000,485.500000,438.374695,6005548
2016-11-07,492.500000,493.000000,487.500000,488.975006,441.512390,4537672
2016-11-08,493.450012,493.875000,485.299988,491.299988,443.611694,5261108
2016-11-09,465.000000,487.299988,450.500000,479.149994,432.641083,12764158
2016-11-10,481.250000,481.250000,467.500000,469.700012,424.108307,7287330
2016-11-11,470.000000,472.500000,459.350006,460.774994,416.049652,7096782
2016-11-15,462.000000,469.975006,454.274994,461.774994,416.952545,9235850
2016-11-16,465.000000,478.424988,464.274994,470.450012,424.785553,12222616
2016-11-17,467.125000,474.500000,463.200012,464.899994,419.774261,5706730
2016-11-18,465.000000,466.625000,458.750000,460.000000,415.349854,6040228
2016-11-21,463.450012,463.450012,453.475006,455.549988,411.331787,7940568
2016-11-22,458.450012,464.325012,455.825012,457.100006,412.731354,5483126
2016-11-23,461.049988,461.450012,456.225006,460.125000,415.462708,8251786
2016-11-24,464.100006,469.950012,461.649994,465.149994,420.000000,16780644
2016-11-25,465.225006,492.500000,465.225006,488.750000,441.309235,12631380
2016-11-28,489.649994,491.725006,485.299988,489.875000,442.325043,7365712
2016-11-29,489.399994,492.350006,483.549988,486.299988,439.097015,6125506
2016-11-30,486.500000,488.500000,480.524994,487.774994,440.428864,8500918
2016-12-01,488.000000,491.774994,483.500000,487.799988,440.451416,4611590
2016-12-02,482.399994,484.799988,480.549988,482.250000,435.440155,4453228
2016-12-05,482.950012,484.299988,479.000000,480.825012,434.153503,3659576
2016-12-06,480.899994,489.750000,480.825012,483.250000,436.343109,3562110
2016-12-07,484.000000,486.500000,480.100006,483.200012,436.297943,3385980
2016-12-08,485.024994,493.049988,485.024994,492.325012,444.537262,5941662
2016-12-09,492.500000,504.075012,490.750000,494.674988,446.659119,8648384
2016-12-12,491.399994,491.399994,482.600006,488.674988,441.241516,5345020
2016-12-13,490.250000,496.424988,485.549988,495.100006,447.042877,4854282
2016-12-14,495.500000,502.475006,492.049988,499.875000,451.354370,5382614
2016-12-15,498.700012,509.475006,494.500000,496.174988,448.013519,7966416
2016-12-16,501.899994,504.850006,498.875000,502.575012,453.792297,6436742
2016-12-19,503.049988,504.125000,497.049988,502.325012,453.566559,4124134
2016-12-20,501.000000,509.500000,500.649994,506.075012,456.952576,7636498
2016-12-21,508.000000,511.000000,499.125000,500.774994,452.167023,7343976
2016-12-22,501.250000,503.500000,484.750000,492.350006,444.559784,7060054
2016-12-23,492.450012,503.299988,486.799988,494.225006,446.252777,7306036
2016-12-26,494.000000,497.000000,487.549988,491.375000,443.679443,3213828
2016-12-27,491.375000,500.950012,490.000000,499.475006,450.993195,4912816
2016-12-28,501.475006,504.899994,497.500000,499.250000,450.790070,5476816
2016-12-29,501.875000,504.000000,494.075012,496.174988,448.013519,6240124
2016-12-30,499.000000,506.000000,496.375000,505.299988,456.252777,7267768
2017-01-02,505.549988,506.475006,499.674988,500.549988,451.963867,2335222
2017-01-03,502.049988,502.450012,491.000000,496.924988,448.690704,6778482
2017-01-04,497.524994,502.100006,496.125000,498.875000,450.451416,7073586
2017-01-05,500.799988,504.750000,494.375000,498.075012,449.729095,8207074
2017-01-06,497.450012,499.424988,484.024994,486.125000,438.939026,14393448
2017-01-09,486.125000,488.475006,482.500000,485.174988,438.081238,10545692
2017-01-10,488.500000,490.500000,483.975006,485.274994,438.171539,11939854
2017-01-11,487.100006,489.225006,481.975006,484.549988,437.516876,12241574
2017-01-12,488.774994,502.200012,488.774994,500.024994,451.489807,11855740
2017-01-13,515.000000,520.000000,481.350006,487.899994,440.541748,31276246
2017-01-16,482.500000,482.725006,476.225006,477.825012,431.444672,12351372
2017-01-17,478.125000,482.000000,476.200012,477.700012,431.331818,5560094
2017-01-18,479.049988,480.500000,474.899994,475.399994,429.255066,5952962
2017-01-19,475.500000,479.799988,474.049988,479.049988,432.550751,8876480
2017-01-20,475.000000,476.575012,473.000000,474.350006,428.306976,9124742
2017-01-23,472.500000,479.000000,470.000000,476.350006,430.112854,7948580
2017-01-24,475.000000,475.000000,470.049988,472.774994,426.884857,6826010
2017-01-25,473.049988,473.399994,467.399994,468.299988,422.844177,9978090
2017-01-27,466.924988,473.774994,450.575012,471.075012,425.349884,10635138
2017-01-30,468.750000,475.750000,464.424988,474.674988,428.600433,11369208
2017-01-31,470.750000,470.750000,452.174988,464.299988,419.232483,24068534
2017-02-01,460.549988,461.600006,452.575012,458.375000,413.882599,11531782
2017-02-02,458.500000,472.500000,455.049988,467.950012,422.528198,11828268
2017-02-03,466.899994,470.450012,460.524994,468.049988,422.618469,8423958
2017-02-06,468.625000,471.875000,465.274994,467.625000,422.234772,6727934
2017-02-07,466.500000,474.899994,464.274994,471.125000,425.395020,9268002
2017-02-08,468.000000,472.049988,466.225006,468.250000,422.799072,6319962
2017-02-09,468.500000,475.000000,468.274994,473.000000,427.088013,11907266
2017-02-10,473.125000,486.000000,471.649994,484.149994,437.155731,12252452
2017-02-13,486.424988,493.049988,481.424988,492.174988,444.401764,13724268
2017-02-14,490.000000,494.500000,486.174988,493.850006,445.914215,9338818
2017-02-15,494.600006,499.399994,484.399994,490.899994,443.250519,7259486
2017-02-16,495.500000,506.950012,495.024994,506.049988,456.929993,12815858
2017-02-17,506.875000,506.875000,496.350006,500.049988,451.512390,4851208
2017-02-20,498.250000,515.500000,496.750000,505.125000,456.094788,4650662
2017-02-21,511.049988,512.250000,500.024994,506.799988,457.607208,7613996
2017-02-22,507.500000,507.500000,493.200012,495.075012,447.020294,6607838
2017-02-23,499.450012,510.000000,496.674988,504.424988,455.462738,9542656
2017-02-27,503.649994,511.500000,503.475006,506.200012,457.065460,5328696
2017-02-28,505.924988,511.350006,504.625000,506.200012,457.065460,5940132
2017-03-01,506.000000,513.500000,505.049988,512.575012,462.821655,4282448
2017-03-02,512.200012,514.000000,508.250000,511.649994,461.986450,2948498
2017-03-03,505.125000,517.150024,500.200012,515.599976,465.552979,5401612
2017-03-06,510.024994,517.974976,509.850006,516.950012,466.771973,5286386
2017-03-07,511.000000,512.900024,507.350006,509.899994,460.406311,4644496
2017-03-08,508.450012,508.450012,502.225006,503.899994,454.988678,6179176
2017-03-09,503.899994,506.500000,499.500000,505.774994,456.681702,3480630
2017-03-10,507.500000,513.825012,506.700012,510.924988,461.331787,4550324
2017-03-14,511.399994,520.950012,511.399994,517.400024,467.178345,7878396
2017-03-15,517.450012,517.450012,503.750000,505.975006,456.862305,6373978
2017-03-16,506.649994,515.849976,506.649994,514.424988,464.492065,6702956
2017-03-17,517.700012,521.450012,509.625000,520.150024,469.661377,9507846
2017-03-20,513.275024,513.275024,507.549988,510.750000,461.173798,4427388
2017-03-21,510.450012,517.474976,509.399994,516.424988,466.297943,4869584
2017-03-22,511.225006,519.974976,510.200012,513.849976,463.972870,3990852
2017-03-23,514.125000,521.500000,513.299988,520.224976,469.729065,4501662
2017-03-24,519.000000,522.000000,513.849976,515.700012,465.643341,4883896
2017-03-27,513.599976,520.924988,512.250000,514.424988,464.492065,7684824
2017-03-28,515.750000,519.500000,515.025024,517.575012,467.336334,4796796
2017-03-29,517.150024,520.750000,512.924988,515.924988,465.846466,6981186
2017-03-30,517.000000,517.950012,510.125000,512.750000,462.979645,12157180
2017-03-31,511.625000,514.650024,504.000000,511.125000,461.512421,14153854
2017-04-03,516.075012,516.224976,503.049988,504.399994,455.440155,4315600
2017-04-05,502.500000,502.700012,495.500000,497.975006,449.638794,7398338
2017-04-06,499.075012,502.899994,496.000000,499.799988,451.286621,5379008
2017-04-07,500.450012,500.450012,489.500000,490.774994,443.137695,6404508
2017-04-10,492.450012,494.750000,475.049988,476.700012,430.428864,9528472
2017-04-11,478.024994,485.850006,478.024994,483.575012,436.636566,8655466
2017-04-12,485.000000,488.450012,480.174988,484.424988,437.404022,6696752
2017-04-13,485.000000,495.000000,463.325012,465.700012,420.496613,30973188
2017-04-17,465.000000,466.049988,461.750000,462.450012,417.562103,7213434
2017-04-18,462.375000,467.000000,459.549988,461.325012,416.546295,4647518
2017-04-19,461.500000,465.000000,456.325012,459.600006,414.988678,10071702
2017-04-20,460.750000,464.850006,459.274994,463.649994,418.645569,4549000
2017-04-21,467.399994,467.399994,460.549988,461.850006,417.020294,3577466
2017-04-24,458.750000,464.250000,456.500000,463.274994,418.306976,5556666
2017-04-25,462.950012,466.500000,460.274994,464.674988,419.571075,4737060
2017-04-26,464.975006,467.774994,455.100006,457.125000,412.753937,9084496
2017-04-27,458.000000,464.500000,458.000000,462.625000,417.720062,7797208
2017-04-28,463.424988,463.700012,457.799988,459.475006,414.875824,5029702
2017-05-02,462.000000,463.200012,457.549988,461.299988,416.523651,3231126
2017-05-03,463.250000,469.549988,458.825012,467.149994,421.805847,4659448
2017-05-04,468.500000,469.825012,464.450012,468.825012,423.318268,5279806
2017-05-05,468.000000,468.674988,460.000000,465.750000,420.541779,4432788
2017-05-08,469.000000,474.274994,466.000000,472.750000,426.862305,4707098
2017-05-09,475.299988,475.975006,471.049988,473.325012,427.381470,5649372
2017-05-10,473.575012,475.000000,468.575012,471.825012,426.027069,3364302
2017-05-11,473.424988,474.924988,468.774994,472.049988,426.230225,3229482
2017-05-12,476.500000,483.000000,475.725006,482.125000,435.327301,10979996
2017-05-15,481.750000,481.750000,474.549988,475.774994,429.593628,7297164
2017-05-16,476.549988,480.075012,473.475006,477.500000,431.151215,6130168
2017-05-17,475.799988,479.225006,471.924988,476.399994,430.157990,2915508
2017-05-18,471.500000,486.950012,471.424988,480.875000,434.198669,8057848
2017-05-19,480.750000,481.350006,473.924988,478.975006,432.483063,4257396
2017-05-22,479.200012,483.450012,478.274994,480.725006,434.063171,5503052
2017-05-23,482.325012,483.500000,477.049988,478.649994,432.189575,4039982
2017-05-24,480.000000,482.750000,474.799988,477.399994,431.060913,5636286
2017-05-25,480.500000,493.299988,480.500000,491.649994,443.927734,10438514
2017-05-26,493.500000,500.000000,490.299988,497.850006,449.525940,4988004
2017-05-29,495.450012,498.350006,487.850006,492.575012,444.762970,6308434
2017-05-30,491.000000,500.000000,489.325012,498.100006,449.751678,3716910
2017-05-31,496.774994,496.774994,487.424988,488.524994,441.106049,7763900
2017-06-01,484.649994,489.850006,479.274994,485.700012,452.208801,5508606
2017-06-02,486.700012,487.725006,482.100006,484.725006,451.301025,3917966
2017-06-05,485.000000,486.000000,478.524994,479.375000,446.319916,5462698
2017-06-06,482.500000,493.750000,482.200012,489.674988,455.909668,7008686
2017-06-07,492.500000,494.450012,472.500000,480.649994,447.506989,12455046
2017-06-08,481.475006,481.475006,474.075012,478.225006,445.249207,6195352
2017-06-09,469.274994,475.475006,461.500000,474.299988,441.594849,14757662
2017-06-12,471.674988,482.600006,470.049988,481.924988,448.694092,8591676
2017-06-13,476.750000,481.475006,475.799988,478.899994,445.877686,4937794
2017-06-14,480.000000,480.950012,475.600006,479.299988,446.250092,7438110
2017-06-15,479.825012,483.975006,474.799988,476.049988,443.224213,5528062
2017-06-16,474.549988,476.924988,468.000000,470.125000,437.707764,10948450
2017-06-19,469.975006,470.125000,464.000000,464.924988,432.866302,6855860
2017-06-20,467.500000,473.450012,467.024994,471.774994,439.243988,5184396
2017-06-21,472.500000,474.500000,468.024994,471.674988,439.150848,3735864
2017-06-22,473.850006,484.350006,467.549988,470.075012,437.661224,9465242
2017-06-23,472.500000,474.575012,469.000000,471.625000,439.104340,6403018
2017-06-27,472.500000,474.000000,461.875000,463.524994,431.562836,6904660
2017-06-28,466.399994,466.500000,460.500000,462.350006,430.468872,5905224
2017-06-29,465.100006,473.975006,463.299988,465.100006,433.029266,15914040
2017-06-30,465.399994,469.000000,464.500000,467.774994,435.519775,4216700
2017-07-03,470.549988,477.500000,467.299988,475.950012,443.131104,5088924
2017-07-04,476.924988,485.000000,474.700012,481.075012,447.902710,5167726
2017-07-05,479.500000,479.500000,472.700012,475.450012,442.665558,4226228
2017-07-06,472.500000,478.500000,472.100006,473.500000,440.850037,3829720
2017-07-07,471.924988,472.725006,466.524994,467.700012,435.449982,5776886
2017-07-10,471.600006,479.899994,470.000000,478.524994,445.528503,1464376
2017-07-11,478.325012,494.750000,478.325012,487.674988,454.047577,11539708
2017-07-12,487.475006,490.750000,484.375000,486.174988,452.651031,6275976
2017-07-13,488.625000,491.725006,482.049988,488.524994,454.838959,5170392
2017-07-14,499.725006,503.424988,483.024994,486.024994,452.511383,22478180
2017-07-17,487.500000,496.000000,487.000000,492.024994,458.097626,7698250
2017-07-18,493.024994,502.399994,490.549988,492.799988,458.819183,8260180
2017-07-19,490.725006,494.325012,484.549988,489.924988,456.142456,5890278
2017-07-20,489.649994,489.924988,483.475006,484.725006,451.301025,6809740
2017-07-21,486.500000,491.274994,485.700012,490.049988,456.258820,5980754
2017-07-24,491.750000,497.000000,491.299988,495.274994,461.123566,6129176
2017-07-25,495.000000,499.500000,493.100006,496.924988,462.659760,7145614
2017-07-26,499.049988,499.500000,495.200012,497.024994,462.752869,6870024
2017-07-27,498.000000,502.000000,483.399994,485.524994,452.045837,12676852
2017-07-28,488.000000,501.500000,481.149994,498.674988,464.289093,11098428
2017-07-31,495.950012,510.850006,493.375000,505.600006,470.736572,19158248
2017-08-01,505.500000,508.500000,499.174988,502.774994,468.106384,7689398
2017-08-02,503.000000,506.375000,493.600006,496.674988,462.426971,4257584
2017-08-03,495.500000,499.375000,490.125000,492.000000,458.074371,4640348
2017-08-04,494.000000,494.500000,488.024994,491.875000,457.957977,5349018
2017-08-07,491.750000,491.875000,482.850006,484.125000,450.742401,6073744
2017-08-08,484.250000,485.125000,477.524994,481.924988,448.694092,6004648
2017-08-09,483.825012,486.950012,482.274994,484.674988,451.254425,3922410
2017-08-10,484.950012,493.750000,484.674988,490.625000,456.794159,9140684
2017-08-11,488.000000,498.500000,484.799988,493.850006,459.796814,6544156
2017-08-14,494.000000,494.600006,488.575012,490.725006,456.887299,3816470
2017-08-16,491.000000,493.049988,484.500000,487.600006,453.977753,6178080
2017-08-17,502.500000,514.625000,499.024994,510.424988,475.228851,25784260
2017-08-18,508.950012,508.950012,442.100006,461.625000,429.793854,164404960
2017-08-21,462.000000,462.000000,435.000000,436.700012,406.587585,90407176
2017-08-22,447.600006,448.524994,430.000000,437.700012,407.518616,49242598
2017-08-23,440.000000,451.850006,436.950012,446.399994,415.618683,61284190
2017-08-24,455.000000,459.125000,451.174988,456.075012,424.626556,42380524
2017-08-28,471.975006,476.975006,469.000000,470.500000,438.056915,40712108
2017-08-29,470.725006,471.000000,462.774994,463.725006,431.749054,13369392
2017-08-30,468.600006,469.500000,462.049988,463.325012,431.376648,16149664
2017-08-31,464.399994,464.475006,456.450012,457.475006,425.930023,15022452
2017-09-01,457.975006,462.950012,455.000000,459.975006,428.257629,8433922
2017-09-04,460.500000,460.549988,446.750000,450.100006,419.063568,10177108
2017-09-05,451.000000,452.500000,448.625000,450.950012,419.854950,9783392
2017-09-06,450.000000,450.149994,445.000000,447.799988,416.922150,7735910
2017-09-07,450.000000,450.250000,446.174988,447.875000,416.991974,6241192
2017-09-08,449.500000,449.500000,441.049988,442.149994,411.661713,8604542
2017-09-11,445.200012,445.899994,436.825012,439.350006,409.054840,13787642
2017-09-12,441.274994,443.875000,439.399994,442.024994,411.545349,17241354
2017-09-13,442.750000,443.799988,440.500000,441.875000,411.405731,11478228
2017-09-14,442.250000,448.299988,440.799988,446.200012,415.432526,13698006
2017-09-15,446.149994,456.625000,446.100006,454.125000,422.811035,13459460
2017-09-18,455.000000,458.875000,453.149994,454.549988,423.206726,8475860
2017-09-19,454.000000,458.000000,451.750000,456.125000,424.673096,6033330
2017-09-20,458.500000,458.500000,453.725006,456.350006,424.882599,5767830
2017-09-21,457.500000,457.625000,454.075012,454.774994,423.416199,8204152
2017-09-22,454.075012,455.125000,444.000000,449.149994,418.179077,17604088
2017-09-25,450.500000,450.975006,444.549988,447.674988,416.805786,9088700
2017-09-26,448.500000,454.200012,447.149994,452.950012,421.717041,7366478
2017-09-27,453.049988,453.950012,447.549988,449.899994,418.877380,6000138
2017-09-28,448.049988,451.950012,447.149994,448.000000,417.108368,17537266
2017-09-29,449.000000,451.200012,447.500000,449.950012,418.923920,5705832
2017-10-03,455.049988,456.000000,450.799988,451.774994,420.623077,4947522
2017-10-04,451.500000,452.700012,448.575012,449.799988,418.784241,4991492
2017-10-05,450.000000,452.475006,449.500000,451.524994,420.390289,8611300
2017-10-06,452.000000,461.000000,451.975006,460.075012,428.350769,8574308
2017-10-09,460.000000,464.500000,457.000000,461.950012,430.096466,3504832
2017-10-10,469.975006,469.975006,464.774994,467.725006,435.473236,7143220
2017-10-11,467.725006,469.000000,464.000000,465.350006,433.262054,5982504
2017-10-12,465.000000,467.174988,459.774994,463.649994,431.679230,10280972
2017-10-13,466.399994,466.750000,463.774994,465.049988,432.982666,7180728
2017-10-16,467.975006,471.000000,466.500000,469.500000,437.125854,5758750
2017-10-17,468.399994,468.399994,464.750000,465.250000,433.168915,5625102
2017-10-18,464.450012,465.000000,461.475006,462.174988,430.305908,7231852
2017-10-19,465.000000,466.000000,462.600006,463.475006,431.516327,1091434
2017-10-23,465.000000,471.000000,464.049988,469.750000,437.358612,9154096
2017-10-24,473.000000,473.325012,460.799988,463.250000,431.306824,14529328
2017-10-25,459.500000,472.350006,457.625000,467.649994,435.403381,13984134
2017-10-26,471.000000,475.899994,470.049988,473.674988,441.012970,33659258
2017-10-27,477.500000,478.850006,472.000000,473.174988,440.547424,8524956
2017-10-30,477.325012,477.325012,470.524994,472.049988,439.500000,12968326
2017-10-31,462.500000,465.000000,460.000000,460.924988,441.295135,9954988
2017-11-01,462.500000,464.700012,461.649994,463.524994,443.784424,5633134
2017-11-02,461.524994,463.000000,460.000000,461.450012,441.797821,4686138
2017-11-03,458.500000,464.950012,458.475006,463.325012,443.592957,3699086
2017-11-06,461.575012,467.500000,461.325012,464.350006,444.574280,5066534
2017-11-07,463.125000,480.000000,462.924988,477.750000,457.403595,13442820
2017-11-08,480.125000,480.924988,473.750000,476.149994,455.871765,5369994
2017-11-09,476.500000,481.500000,474.125000,477.250000,456.924896,4723232
2017-11-10,479.399994,482.174988,475.000000,481.024994,460.539124,6589428
2017-11-13,481.024994,484.700012,474.674988,475.975006,455.704193,5021216
2017-11-14,475.975006,477.424988,471.625000,474.549988,454.339874,5733710
2017-11-15,472.575012,476.750000,472.250000,475.899994,455.632385,7023516
2017-11-16,475.899994,497.950012,474.250000,494.200012,473.153046,15687502
2017-11-17,492.750000,492.750000,482.575012,485.475006,464.799622,8057670
2017-11-20,484.500000,485.500000,478.625000,480.274994,459.821045,5661190
2017-11-21,480.649994,485.750000,480.024994,483.125000,462.549713,5364656
2017-11-22,483.299988,485.524994,481.649994,483.149994,462.573608,6084920
2017-11-23,485.750000,497.225006,484.500000,495.625000,474.517334,11894618
2017-11-24,495.450012,509.649994,495.100006,504.774994,483.277649,18619912
2017-11-27,503.350006,503.350006,496.649994,499.375000,478.107635,6017730
2017-11-28,497.200012,499.950012,490.649994,492.350006,471.381836,4616868
2017-11-29,493.825012,495.975006,490.149994,491.350006,470.424438,3838070
2017-11-30,494.725006,494.725006,484.174988,488.049988,467.264923,17266944
2017-12-01,489.700012,491.600006,478.524994,479.399994,458.983337,4085000
2017-12-04,490.000000,498.399994,484.274994,492.674988,471.692963,17811606
2017-12-05,492.674988,501.500000,489.500000,492.174988,471.214264,9976738
2017-12-06,492.500000,497.049988,492.000000,495.149994,474.062561,7490094
2017-12-07,494.500000,501.450012,492.799988,499.899994,478.610291,7549544
2017-12-08,500.500000,503.500000,497.500000,500.924988,479.591614,5983244
2017-12-11,497.475006,503.450012,496.975006,502.649994,481.243164,5139098
2017-12-12,501.000000,507.000000,501.000000,505.250000,483.732452,9320434
2017-12-13,505.450012,509.500000,498.825012,501.875000,480.501190,5362398
2017-12-14,502.625000,507.500000,499.649994,506.549988,484.977081,6023572
2017-12-15,506.500000,513.200012,505.924988,511.450012,489.668427,10384134
2017-12-18,505.950012,515.349976,502.899994,508.299988,486.652527,4035448
2017-12-19,508.725006,508.975006,499.774994,501.975006,480.596924,7118898
2017-12-20,502.549988,509.299988,500.500000,507.924988,486.293518,4186326
2017-12-21,507.399994,514.474976,499.200012,511.024994,489.261505,11059162
2017-12-22,508.000000,522.400024,508.000000,519.674988,497.543091,12906940
2017-12-26,515.000000,520.750000,511.500000,517.799988,495.747955,10808906
2017-12-27,514.000000,519.549988,513.700012,517.125000,495.101715,6970172
2017-12-28,515.000000,520.000000,511.899994,516.625000,494.623016,8433472
2017-12-29,515.049988,524.400024,515.000000,521.025024,498.835632,6601768
2018-01-01,518.849976,522.250000,515.000000,516.775024,494.766632,5431340
2018-01-02,518.625000,521.000000,511.500000,514.849976,492.923553,6112248
2018-01-03,514.250000,515.799988,509.299988,510.649994,488.902466,6846552
2018-01-04,510.500000,510.500000,504.799988,507.700012,486.078125,8947614
2018-01-05,507.649994,513.200012,503.000000,506.000000,484.450500,11025976
2018-01-08,512.450012,519.500000,510.024994,518.025024,495.963379,5594690
2018-01-09,520.000000,522.450012,514.450012,520.674988,498.500519,9948236
2018-01-10,523.400024,528.000000,516.525024,526.125000,503.718414,9468634
2018-01-11,527.625000,541.700012,527.625000,537.900024,514.992004,16775298
2018-01-12,542.900024,542.950012,535.275024,539.224976,516.260498,18016528
2018-01-15,540.000000,546.474976,532.549988,540.575012,517.553040,10649250
2018-01-16,540.625000,567.400024,540.625000,561.424988,537.515015,22646966
2018-01-17,562.424988,580.900024,561.500000,576.049988,551.517212,26154088
2018-01-18,572.500000,582.450012,566.049988,576.349976,551.804443,13204970
2018-01-19,572.500000,573.950012,568.000000,571.724976,547.376404,5988278
2018-01-22,566.075012,578.474976,566.000000,575.000000,550.511902,9650214
2018-01-23,577.500000,594.000000,577.500000,588.549988,563.484863,15403796
2018-01-24,587.400024,610.525024,583.750000,592.900024,567.649597,20604718
2018-01-25,591.000000,591.700012,581.125000,587.700012,562.671082,13548914
2018-01-29,583.275024,598.125000,582.599976,591.450012,566.261353,10823002
2018-01-30,589.450012,591.549988,581.349976,585.325012,560.397217,8628312
2018-01-31,579.575012,583.299988,571.075012,575.125000,550.631592,9213698
2018-02-01,571.099976,578.950012,559.275024,572.299988,547.926880,13005454
2018-02-02,567.625000,581.450012,565.049988,571.625000,547.280701,10244486
2018-02-05,570.000000,577.424988,567.924988,569.099976,544.863159,9860220
2018-02-06,549.974976,564.174988,547.575012,553.875000,530.286621,10552078
2018-02-07,558.000000,562.400024,551.775024,554.525024,530.908936,8342056
2018-02-08,561.400024,573.200012,558.275024,567.125000,542.972290,8807244
2018-02-09,559.000000,560.150024,553.000000,554.575012,530.956787,4382690
2018-02-12,557.400024,560.299988,548.900024,551.400024,527.917053,6291972
2018-02-14,553.000000,558.650024,545.099976,548.875000,525.499573,8345712
2018-02-15,551.500000,564.849976,551.500000,557.224976,533.493896,7986736
2018-02-16,562.500000,570.825012,559.049988,564.025024,540.004333,9889222
2018-02-19,564.200012,568.000000,560.150024,565.875000,541.775574,6461840
2018-02-20,551.875000,574.750000,551.875000,568.474976,544.264832,7188594
2018-02-21,573.750000,575.950012,570.000000,573.700012,549.267273,13771358
2018-02-22,572.775024,582.000000,570.224976,580.375000,555.658020,17859974
2018-02-23,581.750000,583.000000,573.375000,577.825012,553.216675,9459828
2018-02-26,575.500000,577.525024,567.174988,569.299988,545.054688,5083608
2018-02-27,572.474976,576.825012,562.825012,575.099976,550.607666,6616026
2018-02-28,573.799988,594.750000,571.275024,586.299988,561.330688,17268416
2018-03-01,584.799988,584.799988,578.025024,580.375000,555.658020,6579852
2018-03-05,580.375000,585.400024,571.625000,577.950012,553.336304,8101456
2018-03-06,581.275024,582.700012,571.799988,575.674988,551.158203,6689734
2018-03-07,577.500000,580.000000,569.025024,572.049988,547.687561,6370416
2018-03-08,574.500000,582.900024,574.500000,578.325012,553.695313,6093014
2018-03-09,581.174988,583.000000,577.775024,581.700012,556.926636,4220964
2018-03-12,588.000000,595.924988,585.875000,592.875000,567.625671,7676970
2018-03-13,590.099976,598.500000,587.575012,591.900024,566.692200,8581052
2018-03-14,590.000000,595.299988,584.549988,590.400024,565.256104,4429710
2018-03-15,590.000000,594.200012,586.000000,591.250000,566.069824,6101500
2018-03-16,591.000000,591.200012,584.625000,585.950012,560.995605,17954826
2018-03-19,582.000000,590.250000,571.325012,573.375000,548.956177,7526620
2018-03-20,574.299988,585.000000,574.299988,582.275024,557.477112,8553766
2018-03-21,585.000000,587.750000,581.099976,583.750000,558.889282,7692994
2018-03-22,582.250000,588.724976,577.650024,580.650024,555.921326,6813168
2018-03-23,573.500000,586.900024,571.174988,583.799988,558.937134,12008084
2018-03-26,583.450012,583.450012,572.000000,577.625000,553.025146,8930722
2018-03-27,580.000000,580.650024,575.049988,577.000000,552.426758,3802088
2018-03-28,575.375000,575.375000,563.125000,565.900024,541.799500,12558322
2018-04-02,570.500000,574.775024,560.650024,568.575012,544.360596,8072702
2018-04-03,567.349976,571.775024,564.049988,570.224976,545.940247,4077168
2018-04-04,572.000000,572.275024,560.000000,562.099976,538.161316,4813302
2018-04-05,569.775024,575.650024,564.549988,573.775024,549.339111,7763544
2018-04-06,571.500000,573.000000,561.049988,563.500000,539.501709,5937742
2018-04-09,562.500000,562.900024,553.275024,555.625000,531.962097,7202882
2018-04-10,556.000000,562.250000,552.700012,556.700012,532.991272,8926058
2018-04-11,559.000000,565.750000,558.250000,562.125000,538.185242,9025574
2018-04-12,564.724976,586.375000,562.500000,581.299988,556.543640,17044366
2018-04-13,587.000000,592.950012,575.125000,585.724976,560.780151,21227038
2018-04-16,551.000000,570.000000,551.000000,566.599976,542.469666,24745084
2018-04-17,563.500000,563.700012,557.500000,562.599976,538.639954,10397940
2018-04-18,561.424988,567.375000,556.924988,562.974976,538.999023,10430380
2018-04-19,562.000000,569.900024,561.549988,566.424988,542.302124,8525542
2018-04-20,569.500000,596.849976,568.474976,589.224976,564.131104,24272692
2018-04-23,584.000000,607.200012,577.625000,593.849976,568.559082,21830638
2018-04-24,592.500000,598.200012,575.049988,577.250000,552.666138,8526216
2018-04-25,576.000000,585.500000,572.599976,580.174988,555.466492,11594178
2018-04-26,587.000000,590.825012,580.000000,588.224976,563.173645,11302084
2018-04-27,590.000000,595.799988,587.099976,592.599976,567.362366,7663370
2018-04-30,590.849976,603.974976,590.325012,599.750000,574.207825,5511678
2018-05-02,599.450012,600.799988,590.500000,598.525024,573.035095,10295042
2018-05-03,598.625000,602.349976,588.049988,591.275024,566.093811,5332230
2018-05-04,592.500000,593.000000,577.500000,586.549988,561.570007,6023368
2018-05-07,590.625000,595.000000,587.750000,591.500000,566.309265,4638960
2018-05-08,588.950012,588.950012,580.525024,582.775024,557.955811,5718556
2018-05-09,583.750000,588.450012,581.500000,585.349976,560.421082,3783504
2018-05-10,588.000000,591.500000,581.424988,584.000000,559.128662,3182862
2018-05-11,586.150024,591.599976,583.025024,590.375000,565.232178,3311706
2018-05-14,592.174988,595.750000,585.000000,594.650024,569.325134,4432094
2018-05-15,594.049988,604.000000,594.049988,597.275024,571.838318,5611974
2018-05-16,593.625000,599.000000,592.250000,594.974976,569.636230,6205004
2018-05-17,598.000000,598.724976,586.775024,591.450012,566.261353,9519598
2018-05-18,591.500000,593.275024,586.500000,591.599976,566.404968,7139660
2018-05-21,589.775024,594.200012,585.000000,589.750000,564.633789,8475320
2018-05-22,587.500000,599.000000,586.950012,596.924988,571.503174,5636804
2018-05-23,597.500000,603.825012,590.750000,592.450012,567.218750,9538442
2018-05-24,599.000000,613.775024,599.000000,610.500000,584.500061,9740570
2018-05-25,615.049988,624.325012,610.400024,614.150024,587.994690,8901438
2018-05-28,615.500000,616.299988,603.000000,607.200012,581.340637,5739794
2018-05-29,607.025024,613.275024,603.099976,608.349976,582.441589,3388934
2018-05-30,608.500000,614.375000,602.799988,605.849976,580.048035,6323066
2018-05-31,605.849976,621.000000,605.125000,615.900024,589.670105,19720340
2018-06-01,615.200012,623.125000,608.599976,610.400024,584.404358,4998356
2018-06-04,610.549988,621.500000,606.000000,619.700012,593.308228,4270156
2018-06-05,621.000000,621.000000,608.500000,610.424988,584.428223,4710862
2018-06-06,612.599976,620.775024,610.025024,618.724976,592.374756,4038184
2018-06-07,619.000000,629.000000,619.000000,626.224976,599.555359,6676226
2018-06-08,624.000000,631.000000,623.025024,630.025024,603.193542,6459878
2018-06-11,632.775024,635.000000,627.525024,631.200012,604.318481,5171290
2018-06-12,632.875000,635.625000,625.224976,629.250000,602.451538,7839820
2018-06-13,633.400024,642.000000,633.400024,637.400024,610.254456,5766928
2018-06-14,626.500000,626.500000,617.049988,619.849976,613.172607,7598848
2018-06-15,618.500000,645.750000,617.500000,640.625000,633.723877,19957760
2018-06-18,642.000000,645.625000,631.174988,633.700012,626.873474,8214846
2018-06-19,631.500000,631.700012,619.025024,620.799988,614.112427,7545700
2018-06-20,624.250000,626.174988,619.000000,621.575012,614.879089,5371802
2018-06-21,622.974976,628.250000,618.000000,623.275024,616.560791,5798790
2018-06-22,621.500000,627.750000,620.599976,623.924988,617.203735,4343118
2018-06-25,628.575012,639.400024,627.000000,636.224976,629.371216,7731178
2018-06-26,634.500000,641.950012,633.125000,638.924988,632.042175,4483504
2018-06-27,641.974976,646.724976,632.799988,635.000000,628.159424,6952142
2018-06-28,638.150024,649.000000,638.125000,644.799988,637.853882,10996818
2018-06-29,649.025024,657.500000,641.625000,653.599976,646.559082,9966600
2018-07-02,657.000000,670.000000,657.000000,667.349976,660.160950,4830144
2018-07-03,665.950012,678.950012,665.875000,676.875000,669.583374,8127452
2018-07-04,676.025024,676.325012,669.424988,672.599976,665.354370,5025722
2018-07-05,673.549988,673.625000,634.049988,642.000000,635.084045,17019902
2018-07-06,645.125000,650.924988,634.500000,642.125000,635.207703,11215356
2018-07-09,648.500000,651.500000,639.525024,649.424988,642.429016,6644998
2018-07-10,654.250000,657.724976,647.150024,650.700012,643.690308,5974488
2018-07-11,658.775024,671.049988,645.674988,660.224976,653.112671,11899832
2018-07-12,663.049988,663.549988,642.224976,647.174988,640.203308,13272240
2018-07-13,657.500000,665.799988,649.174988,658.700012,651.604126,19496158
2018-07-16,658.700012,692.200012,643.849976,666.424988,659.245911,35344680
2018-07-17,664.849976,674.750000,656.349976,663.950012,656.797607,11161690
2018-07-18,669.900024,671.700012,657.000000,661.275024,654.151428,6919016
2018-07-19,661.500000,665.950012,654.549988,658.349976,651.257874,5118864
2018-07-20,663.000000,683.575012,660.650024,674.049988,666.788757,11705738
2018-07-23,676.075012,684.000000,668.125000,677.974976,670.671448,7675702
2018-07-24,687.200012,691.200012,678.000000,688.575012,681.157349,6172246
2018-07-25,689.500000,696.900024,682.724976,691.875000,684.421753,6936922
2018-07-26,689.275024,695.200012,684.599976,686.625000,679.228333,7362218
2018-07-27,686.599976,694.500000,684.150024,686.724976,679.327209,6493232
2018-07-30,685.000000,686.500000,674.000000,675.500000,668.223145,6409970
2018-07-31,674.275024,685.000000,667.775024,682.549988,675.197205,7943996
2018-08-01,681.900024,684.224976,675.500000,677.025024,669.731750,4675706
2018-08-02,679.799988,683.375000,675.075012,676.825012,669.533875,5940742
2018-08-03,683.099976,683.099976,678.000000,682.049988,674.702576,3970390
2018-08-06,683.025024,687.500000,673.750000,680.325012,672.996216,6178930
2018-08-07,687.000000,689.974976,680.325012,683.974976,676.606812,7351528
2018-08-08,685.900024,686.250000,676.650024,681.375000,674.034851,3992358
2018-08-09,686.825012,694.724976,686.825012,689.974976,682.542175,6409524
2018-08-10,692.900024,694.500000,686.525024,692.724976,685.262573,4779520
2018-08-13,695.000000,704.924988,689.349976,704.375000,696.787109,9979746
2018-08-14,706.974976,712.275024,702.000000,704.150024,696.564575,6151320
2018-08-16,707.474976,717.450012,705.625000,714.775024,707.075073,6626774
2018-08-17,715.450012,718.825012,711.500000,715.174988,707.470764,6390408
2018-08-20,694.000000,703.974976,686.750000,692.125000,684.669067,16101876
2018-08-21,695.000000,698.000000,686.875000,691.974976,684.520630,8361482
2018-08-23,696.500000,700.750000,692.674988,698.700012,691.173218,7717182
2018-08-24,698.250000,700.950012,688.049988,689.150024,681.726135,7053000
2018-08-27,691.500000,709.974976,690.700012,707.700012,700.076294,7012950
2018-08-28,708.599976,719.200012,705.750000,712.349976,704.676147,6496890
2018-08-29,716.799988,716.799988,702.575012,705.049988,697.454834,5646496
2018-08-30,706.400024,710.775024,698.075012,708.099976,700.471924,11507962
2018-08-31,712.549988,727.150024,710.549988,720.549988,712.787842,10875864
2018-09-03,724.500000,733.950012,715.000000,717.125000,709.399780,10976328
2018-09-04,722.000000,748.500000,716.000000,737.150024,729.209045,15370124
2018-09-05,741.950012,744.049988,725.400024,729.900024,722.037170,8658978
2018-09-06,732.549988,735.500000,724.099976,727.150024,719.316772,5598659
2018-09-07,734.349976,735.150024,723.799988,732.799988,724.905884,6510605
2018-09-10,737.750000,747.000000,729.400024,730.849976,722.976868,5629871
2018-09-11,735.900024,744.750000,732.000000,734.299988,726.389709,6963561
2018-09-12,744.400024,746.500000,736.250000,742.900024,734.897095,4636617
2018-09-14,741.900024,745.000000,729.049988,733.700012,725.796204,7896514
2018-09-17,735.000000,740.000000,724.599976,725.950012,718.129700,5427054
2018-09-18,730.000000,730.000000,717.000000,719.099976,711.353455,7729732
2018-09-19,727.000000,727.000000,713.200012,719.750000,711.996460,4849498
2018-09-21,713.849976,717.400024,692.000000,705.299988,697.702148,14350769
2018-09-24,706.500000,729.950012,706.500000,718.250000,710.512634,8637881
2018-09-25,718.250000,736.000000,717.000000,726.200012,718.377014,9602273
2018-09-26,731.200012,731.849976,712.000000,717.849976,710.116943,6599606
2018-09-27,722.000000,730.799988,717.450012,724.799988,716.992065,14592616
2018-09-28,721.000000,734.549988,715.200012,730.049988,722.185486,7490031
2018-10-01,737.500000,754.900024,733.000000,746.650024,738.606689,8252398
2018-10-03,743.799988,751.950012,726.299988,728.500000,720.652222,7792464
2018-10-04,728.500000,729.750000,702.500000,707.200012,699.581665,6173037
2018-10-05,713.000000,731.500000,709.299988,724.599976,716.794189,8543578
2018-10-08,725.049988,728.700012,709.250000,714.450012,706.753601,7259306
2018-10-09,717.099976,722.400024,702.650024,717.750000,710.018005,6777212
2018-10-10,719.900024,719.900024,695.400024,700.450012,692.904419,8866251
2018-10-11,685.000000,692.900024,663.299988,673.349976,666.096313,10985897
2018-10-12,676.400024,684.049988,661.500000,678.799988,671.487610,8909221
2018-10-15,688.599976,705.000000,681.500000,698.799988,691.272156,6222176
2018-10-16,710.000000,713.900024,689.400024,695.250000,687.760376,11588963
2018-10-17,710.000000,721.799988,701.349976,705.349976,697.751587,20360697
2018-10-19,687.000000,687.700012,678.000000,683.549988,676.186401,10421001
2018-10-22,688.700012,695.049988,673.799988,679.950012,672.625244,6672840
2018-10-23,675.950012,682.000000,653.299988,657.599976,650.515991,9041701
2018-10-24,663.000000,666.500000,647.150024,649.799988,642.799988,7058164
2018-10-25,643.000000,656.349976,636.250000,648.750000,648.750000,8270469
2018-10-26,645.299988,648.700012,629.900024,633.599976,633.599976,5464141
2018-10-29,633.700012,650.549988,631.500000,644.750000,644.750000,7137446
2018-10-30,641.099976,663.799988,637.450012,659.599976,659.599976,8793411
2018-10-31,663.900024,692.950012,663.049988,686.400024,686.400024,11947995
2018-11-01,689.700012,689.700012,659.599976,666.700012,666.700012,5860244
2018-11-02,665.950012,675.799988,660.099976,662.250000,662.250000,6654067
2018-11-05,663.500000,668.599976,657.000000,666.000000,666.000000,5799426
2018-11-06,667.900024,675.000000,660.650024,666.450012,666.450012,6975525
2018-11-07,673.000000,677.500000,672.000000,675.500000,675.500000,758956
2018-11-09,679.000000,679.000000,655.500000,659.500000,659.500000,9694143
2018-11-12,666.000000,676.400024,662.299988,664.200012,664.200012,7118080
2018-11-13,663.500000,667.750000,656.299988,665.700012,665.700012,4137801
2018-11-14,665.700012,665.700012,640.500000,653.200012,653.200012,7323026
2018-11-15,654.000000,666.000000,646.700012,656.400024,656.400024,5513390
2018-11-16,659.900024,662.500000,644.200012,650.849976,650.849976,8583785
2018-11-19,659.000000,662.000000,649.250000,651.700012,651.700012,6018930
2018-11-20,651.700012,656.000000,640.099976,641.400024,641.400024,5384830
2018-11-21,640.000000,640.049988,612.099976,619.099976,619.099976,14359086
2018-11-22,622.250000,628.150024,616.750000,620.750000,620.750000,6632975
2018-11-26,621.000000,628.000000,599.849976,621.450012,621.450012,15075209
2018-11-27,625.500000,641.000000,625.299988,638.900024,638.900024,12285851
2018-11-28,640.950012,668.700012,640.000000,666.400024,666.400024,17719890
2018-11-29,671.000000,674.900024,658.799988,661.049988,661.049988,13399070
2018-11-30,661.000000,672.000000,660.950012,667.450012,667.450012,10445773
2018-12-03,673.150024,679.000000,665.950012,670.349976,670.349976,8260890
2018-12-04,672.549988,688.250000,671.299988,685.250000,685.250000,7827923
2018-12-05,683.000000,683.650024,672.500000,681.400024,681.400024,5177288
2018-12-06,676.099976,685.450012,664.549988,668.500000,668.500000,8039771
2018-12-07,672.000000,685.750000,665.599976,682.799988,682.799988,5553948
2018-12-10,669.900024,683.799988,665.200012,669.200012,669.200012,5121196
2018-12-11,669.200012,681.900024,660.599976,674.500000,674.500000,7120933
2018-12-12,677.099976,680.650024,670.599976,678.500000,678.500000,6926183
2018-12-13,682.000000,700.000000,680.000000,697.750000,697.750000,7521474
2018-12-14,697.450012,713.700012,694.400024,706.049988,706.049988,9560576
2018-12-17,711.849976,711.849976,692.750000,694.400024,694.400024,4778465
2018-12-18,686.500000,686.500000,674.549988,676.599976,676.599976,8021298
2018-12-19,671.549988,671.549988,661.099976,664.849976,664.849976,8295459
2018-12-20,660.000000,671.549988,656.400024,667.049988,667.049988,11705260
2018-12-21,659.500000,659.500000,643.450012,646.200012,646.200012,12802132
2018-12-24,657.000000,658.799988,647.599976,649.000000,649.000000,8379825
2018-12-26,647.000000,647.000000,637.349976,644.049988,644.049988,6178552
2018-12-27,652.750000,663.250000,649.000000,656.799988,656.799988,15333902
2018-12-28,663.349976,663.500000,653.299988,656.950012,656.950012,4736598
2018-12-31,660.000000,662.000000,655.799988,658.950012,658.950012,3373319
2019-01-01,660.950012,666.299988,654.150024,665.049988,665.049988,2943390
2019-01-02,666.000000,674.000000,662.049988,669.049988,669.049988,7416655
2019-01-03,672.000000,677.000000,663.099976,669.150024,669.150024,6827249
2019-01-04,671.750000,673.900024,651.000000,661.049988,661.049988,7889310
2019-01-07,665.000000,673.599976,661.500000,671.700012,671.700012,8046340
2019-01-08,674.950012,677.450012,668.549988,670.049988,670.049988,8621545
2019-01-09,686.200012,689.799988,664.000000,676.099976,676.099976,18130292
2019-01-10,681.599976,682.000000,672.549988,679.700012,679.700012,9572493
2019-01-11,680.200012,685.500000,672.500000,683.500000,683.500000,12281903
2019-01-14,707.000000,710.200012,695.950012,701.900024,701.900024,19312937
2019-01-15,707.200012,730.000000,707.200012,726.599976,726.599976,19671304
2019-01-16,729.900024,737.799988,728.500000,736.799988,736.799988,9658944
2019-01-17,735.799988,739.000000,729.099976,733.349976,733.349976,6903771
2019-01-18,730.000000,736.200012,726.299988,730.950012,730.950012,5902151
2019-01-21,738.200012,751.000000,734.000000,745.000000,745.000000,8129422
2019-01-22,741.250000,749.000000,734.000000,745.349976,745.349976,6723375
2019-01-23,742.349976,742.599976,729.200012,731.650024,731.650024,7212099
2019-01-24,728.099976,736.099976,721.000000,732.000000,732.000000,7429783
2019-01-25,728.000000,737.900024,724.250000,730.349976,730.349976,5543112
2019-01-28,731.000000,732.599976,719.000000,727.950012,727.950012,7944693
2019-01-29,725.500000,732.849976,716.500000,727.900024,727.900024,6760819
2019-01-30,727.900024,734.799988,721.099976,725.900024,725.900024,5763026
2019-01-31,726.000000,751.299988,726.000000,749.549988,749.549988,13825233
2019-02-01,751.349976,762.500000,744.500000,757.049988,757.049988,6276585
2019-02-04,757.000000,762.500000,749.200012,755.900024,755.900024,3945391
2019-02-05,747.000000,759.950012,747.000000,754.849976,754.849976,4694365
2019-02-06,755.549988,766.950012,754.349976,763.299988,763.299988,5880482
2019-02-07,763.049988,769.450012,761.000000,764.000000,764.000000,3961797
2019-02-08,760.000000,772.250000,754.900024,760.900024,760.900024,5915169
2019-02-11,766.900024,768.750000,759.000000,762.799988,762.799988,5500216
2019-02-12,760.349976,760.349976,741.000000,750.450012,750.450012,7310690
2019-02-14,751.000000,753.000000,737.250000,740.049988,740.049988,4610535
2019-02-15,742.299988,746.500000,732.599976,741.950012,741.950012,5586389
2019-02-18,742.349976,747.650024,736.000000,741.049988,741.049988,5346825
2019-02-19,739.099976,740.549988,721.299988,724.299988,724.299988,9401334
2019-02-20,727.000000,743.000000,726.049988,740.700012,740.700012,5210675
2019-02-21,738.000000,738.000000,727.099976,733.450012,733.450012,7202786
2019-02-22,732.500000,738.200012,728.000000,734.950012,734.950012,3750833
2019-02-25,735.549988,758.000000,735.549988,754.900024,754.900024,6547552
2019-02-26,748.599976,752.599976,740.150024,742.500000,742.500000,8319610
2019-02-27,745.000000,746.400024,732.750000,735.250000,735.250000,5936354
2019-02-28,738.700012,742.400024,732.299988,734.299988,734.299988,8559921
2019-03-01,735.500000,743.400024,735.500000,741.900024,741.900024,3998826
2019-03-05,740.500000,742.500000,730.250000,732.500000,732.500000,4826505
2019-03-06,736.099976,736.099976,727.000000,732.500000,732.500000,6076668
2019-03-07,734.000000,734.500000,720.549988,722.950012,722.950012,5951551
2019-03-08,722.950012,722.950012,710.650024,712.349976,712.349976,7193994
2019-03-11,713.299988,718.500000,709.400024,711.250000,711.250000,9932198
2019-03-12,709.000000,714.950012,705.599976,706.950012,706.950012,11997387
2019-03-13,710.000000,718.599976,706.299988,708.450012,708.450012,11348867
