Date,Open,High,Low,Close,Adj Close,Volume
2016-03-16,791.333008,794.466980,776.599976,788.799988,746.298035,2704712
2016-03-17,798.666992,803.333008,789.632996,795.500000,752.637024,3872654
2016-03-18,799.333008,802.000000,793.400024,799.533020,756.452698,2566830
2016-03-21,800.666992,821.700012,796.232971,818.767029,774.650269,3575446
2016-03-22,822.666992,830.000000,814.666992,824.867004,780.421631,2979816
2016-03-23,826.666992,832.666992,820.200012,828.367004,783.733032,2438136
2016-03-28,827.333008,830.799988,798.700012,804.232971,760.899414,3717456
2016-03-29,805.333008,810.700012,793.333008,795.966980,753.078796,2703178
2016-03-30,805.333008,821.267029,801.000000,818.700012,774.586853,2874000
2016-03-31,817.299988,820.000000,807.666992,811.132996,767.427612,4945964
2016-04-01,808.000000,832.200012,808.000000,825.267029,780.800110,2539944
2016-04-04,826.599976,833.333008,814.400024,823.900024,779.506714,1740162
2016-04-05,818.932983,823.166992,793.367004,796.767029,753.835754,3151113
2016-04-06,799.400024,810.000000,788.333008,807.900024,764.368835,2583834
2016-04-07,805.333008,806.632996,785.200012,788.599976,746.108765,2707580
2016-04-08,789.333008,798.000000,787.333008,794.833008,752.005920,1565038
2016-04-11,797.333008,810.599976,790.400024,808.900024,765.315002,2529934
2016-04-12,810.000000,823.267029,804.700012,814.932983,771.022827,2837052
2016-04-13,824.000000,835.333008,819.400024,823.267029,778.907898,4955906
2016-04-18,822.067017,837.966980,806.033020,835.333008,790.323608,2644515
2016-04-20,838.000000,845.299988,832.000000,843.966980,798.492432,2522848
2016-04-21,846.466980,850.000000,830.700012,834.632996,789.661377,1723544
2016-04-22,833.333008,846.000000,827.666992,843.400024,797.955994,2008374
2016-04-25,846.666992,851.732971,838.067017,843.666992,798.208618,2128689
2016-04-26,840.732971,855.632996,840.232971,854.000000,807.984924,1877685
2016-04-27,854.000000,859.166992,847.367004,850.966980,805.115295,1557686
2016-04-28,851.333008,855.267029,835.599976,839.700012,794.455383,2789970
2016-04-29,840.099976,844.067017,830.333008,836.400024,791.333191,1689374
2016-05-02,830.666992,837.333008,824.000000,833.833008,788.904541,1344315
2016-05-03,837.333008,855.432983,830.000000,834.267029,789.315186,2525150
2016-05-04,831.367004,838.599976,826.666992,831.200012,786.413391,1644345
2016-05-05,829.666992,855.000000,829.466980,849.232971,803.474731,2821256
2016-05-06,847.333008,848.267029,836.000000,840.299988,795.023071,1610382
2016-05-09,842.666992,864.599976,842.132996,863.033020,816.531189,2788514
2016-05-10,863.333008,881.799988,858.666992,880.033020,832.615173,3676146
2016-05-11,866.567017,889.333008,863.333008,885.166992,837.472473,4603557
2016-05-12,883.400024,893.267029,874.166992,877.400024,830.124084,1553274
2016-05-13,873.333008,876.666992,853.632996,857.666992,811.454285,2103742
2016-05-16,861.200012,864.000000,845.833008,855.500000,809.404053,2410952
2016-05-17,859.333008,872.666992,856.432983,860.732971,814.355042,2223566
2016-05-18,856.932983,874.799988,851.367004,873.232971,826.181580,2603508
2016-05-19,869.333008,872.000000,840.033020,844.067017,798.587097,2005083
2016-05-20,848.000000,853.132996,834.067017,836.732971,791.648254,1672558
2016-05-23,842.432983,843.900024,825.333008,827.466980,782.881470,2198760
2016-05-24,827.466980,832.400024,815.533020,828.099976,783.480408,1858491
2016-05-25,840.000000,865.767029,834.033020,861.067017,814.671143,3721570
2016-05-26,936.000000,989.932983,926.666992,982.767029,929.813660,20691908
2016-05-27,982.666992,991.567017,968.000000,983.267029,930.286743,5885740
2016-05-30,979.932983,997.632996,977.432983,991.400024,937.981567,3487940
2016-05-31,990.799988,991.400024,978.132996,982.367004,929.435303,3809606
2016-06-01,980.033020,989.432983,974.067017,976.700012,924.073608,2486295
2016-06-02,973.333008,988.466980,961.099976,984.833008,931.768372,3103587
2016-06-03,984.666992,990.632996,970.666992,973.732971,921.266479,2250340
2016-06-06,975.200012,982.232971,974.033020,978.799988,926.060425,1901931
2016-06-07,983.333008,1000.000000,974.200012,991.932983,938.485779,3348536
2016-06-08,996.799988,1009.799988,993.432983,1007.469971,953.185669,3325263
2016-06-09,1007.530029,1009.130005,991.400024,994.299988,940.725220,1813730
2016-06-10,988.200012,1003.330017,984.200012,991.799988,938.359924,2152996
2016-06-13,980.000000,982.599976,970.200012,977.432983,924.767029,2209358
2016-06-14,978.666992,982.166992,970.067017,973.700012,921.235168,1689316
2016-06-15,976.000000,1011.330017,975.666992,1009.200012,954.822388,2960616
2016-06-16,1006.000000,1006.000000,985.333008,996.132996,942.459473,2447025
2016-06-17,996.333008,1001.900024,981.932983,986.833008,933.660583,2653944
2016-06-20,975.599976,1006.669983,973.533020,1004.700012,950.564941,2975367
2016-06-21,1006.669983,1007.270020,993.666992,996.533020,942.837952,1195078
2016-06-22,997.333008,1002.000000,986.799988,994.367004,940.788635,1813926
2016-06-23,991.400024,1005.299988,982.267029,999.067017,945.235413,2053992
2016-06-24,965.666992,978.666992,934.000000,953.732971,902.343994,6840802
2016-06-27,952.632996,979.599976,952.000000,977.833008,925.145569,2560092
2016-06-28,979.132996,994.333008,978.666992,982.700012,929.750305,2342134
2016-06-29,990.799988,995.333008,984.833008,988.799988,935.521545,2000546
2016-06-30,992.132996,1003.270020,989.932983,997.666992,943.910828,3960568
2016-07-01,1003.200012,1030.000000,1000.469971,1028.430054,973.016296,3497924
2016-07-04,1033.329956,1051.329956,1032.229980,1045.400024,989.071899,2718052
2016-07-05,1044.199951,1054.670044,1034.670044,1050.729980,994.114685,2636760
2016-07-07,1050.670044,1054.630005,1033.770020,1036.329956,980.490601,2084571
2016-07-08,1036.630005,1037.430054,1014.700012,1021.770020,966.715149,1915600
2016-07-11,1038.670044,1047.469971,1036.369995,1039.869995,983.839783,1815518
2016-07-12,1045.199951,1047.829956,1031.300049,1045.329956,989.005554,2383048
2016-07-13,1045.400024,1046.530029,1028.729980,1034.270020,978.541626,2036055
2016-07-14,1039.300049,1047.300049,1028.670044,1042.969971,986.772766,1909636
2016-07-15,1044.069946,1063.329956,1038.099976,1057.229980,1000.264465,2428458
2016-07-18,1058.670044,1069.099976,1043.329956,1049.599976,993.045532,1855422
2016-07-19,1048.000000,1055.670044,1041.069946,1048.530029,992.033264,1926168
2016-07-20,1048.670044,1057.329956,1045.699951,1047.229980,990.803223,1790912
2016-07-21,1050.000000,1050.000000,1034.670044,1038.369995,982.420715,1678212
2016-07-22,1040.069946,1051.930054,1035.030029,1049.329956,992.790100,1877206
2016-07-25,1048.000000,1059.199951,1042.000000,1057.270020,1000.302368,2209774
2016-07-26,1059.000000,1065.329956,1054.069946,1061.800049,1004.588257,1729184
2016-07-27,1064.199951,1076.670044,1057.770020,1068.099976,1010.548767,2467012
2016-07-28,1069.329956,1071.069946,1040.930054,1051.500000,994.843140,2811580
2016-07-29,1060.000000,1062.300049,1033.329956,1039.229980,983.234253,4228011
2016-08-01,1039.369995,1057.329956,993.333008,995.799988,942.144409,9155450
2016-08-02,997.333008,1009.200012,993.500000,1002.229980,948.227966,2410914
2016-08-03,1005.330017,1011.429993,980.333008,985.732971,932.619812,2619658
2016-08-04,997.333008,997.333008,973.599976,979.432983,926.659302,2254336
2016-08-05,986.900024,1011.169983,985.333008,1008.130005,953.810120,2805628
2016-08-08,1013.330017,1016.429993,998.067017,1004.770020,950.631104,1403924
2016-08-09,1006.599976,1006.669983,991.599976,1000.630005,946.714172,1865400
2016-08-10,1000.900024,1002.669983,984.232971,988.799988,935.521545,1683261
2016-08-11,983.367004,986.000000,975.232971,983.132996,930.159973,2240372
2016-08-12,986.000000,1003.799988,985.666992,994.599976,941.009094,1659132
2016-08-16,995.966980,1008.429993,981.333008,1004.229980,950.120178,2610843
2016-08-17,1002.500000,1009.500000,994.000000,1001.669983,947.698120,1384653
2016-08-18,994.000000,999.132996,986.666992,988.067017,952.176453,1780732
2016-08-19,992.000000,998.000000,986.432983,996.232971,960.045715,1392250
2016-08-22,996.666992,1002.669983,986.000000,995.099976,958.953918,1837995
2016-08-23,995.099976,996.466980,975.466980,984.767029,948.996216,1273490
2016-08-24,983.333008,992.299988,976.700012,982.333008,946.650635,1230627
2016-08-25,984.067017,988.867004,967.000000,969.767029,934.541138,2616154
2016-08-26,970.000000,973.299988,946.932983,951.466980,916.905823,2788650
2016-08-29,954.666992,975.833008,946.132996,973.000000,937.656677,2094230
2016-08-30,978.666992,985.200012,971.900024,983.767029,948.032593,2598309
2016-08-31,983.333008,1011.969971,980.200012,1008.630005,971.992432,4152240
2016-09-01,1008.669983,1011.700012,1001.369995,1004.729980,968.234131,1905766
2016-09-02,1004.729980,1008.330017,991.200012,1003.369995,966.923462,1755506
2016-09-06,1008.130005,1016.169983,1002.099976,1010.929993,974.208923,1960860
2016-09-07,1015.130005,1027.630005,1006.669983,1012.169983,975.403809,2648264
2016-09-08,1017.030029,1030.630005,1014.099976,1026.329956,989.049438,1692184
2016-09-09,1026.670044,1027.400024,1006.669983,1011.799988,975.047302,2262933
2016-09-12,992.000000,994.400024,973.267029,975.466980,940.034058,1953572
2016-09-14,975.466980,988.000000,970.732971,983.533020,947.807068,1718754
2016-09-15,983.400024,984.700012,971.432983,980.166992,944.563293,1126282
2016-09-16,984.732971,999.333008,979.000000,982.132996,946.457886,2112272
2016-09-19,984.000000,993.333008,976.000000,986.533020,950.698120,942540
2016-09-20,985.333008,989.567017,979.033020,983.966980,948.225342,1097205
2016-09-21,986.666992,991.932983,977.533020,981.400024,945.751587,1337072
2016-09-22,993.333008,1002.669983,984.666992,999.966980,963.644104,1952950
2016-09-23,1003.330017,1011.669983,993.732971,998.000000,961.748535,3121780
2016-09-26,994.666992,1007.969971,974.400024,977.132996,941.639526,2122144
2016-09-27,980.033020,984.200012,954.299988,957.599976,922.816040,2819210
2016-09-28,961.333008,978.000000,958.966980,970.599976,935.343872,2393218
2016-09-29,974.400024,979.333008,946.966980,958.400024,923.586975,3040346
2016-09-30,956.666992,960.367004,941.000000,955.432983,920.727783,3497865
2016-10-03,958.700012,983.166992,956.799988,980.466980,944.852417,2181718
2016-10-04,984.533020,986.367004,962.232971,966.099976,931.007263,2289638
2016-10-05,973.333008,974.599976,960.767029,969.299988,934.091003,2059848
2016-10-06,976.000000,978.299988,964.000000,969.666992,934.444702,1627376
2016-10-07,968.666992,973.267029,960.666992,971.299988,936.018433,1098752
2016-10-10,973.966980,976.932983,964.700012,966.666992,931.553650,875912
2016-10-13,959.267029,965.000000,954.200012,958.932983,924.100647,2659995
2016-10-14,962.666992,984.932983,959.067017,983.232971,947.517883,2632323
2016-10-17,983.267029,984.666992,960.666992,965.299988,930.236389,2140920
2016-10-18,971.799988,994.599976,967.367004,992.166992,956.127502,1983014
2016-10-19,992.166992,1000.669983,984.033020,994.033020,957.925659,2146896
2016-10-20,997.333008,1005.000000,988.367004,1002.429993,966.017639,1502340
2016-10-21,1002.669983,1009.400024,995.400024,1007.229980,970.643250,1670799
2016-10-24,1011.099976,1013.330017,991.200012,995.099976,958.953918,1517036
2016-10-25,996.666992,999.567017,985.799988,989.400024,953.460938,838206
2016-10-26,986.466980,992.666992,980.367004,988.200012,952.304565,867620
2016-10-27,986.500000,988.599976,971.400024,983.533020,947.807068,2440678
2016-10-28,980.666992,989.932983,975.333008,987.132996,951.276306,1212981
2016-11-01,987.333008,987.367004,973.333008,975.432983,940.001221,947158
2016-11-02,965.200012,970.000000,957.666992,965.767029,930.686401,1493444
2016-11-03,961.432983,977.767029,961.333008,962.799988,927.827148,1411942
2016-11-04,951.267029,956.267029,931.267029,946.533020,912.151062,18639006
2016-11-07,950.000000,954.466980,928.232971,932.000000,898.145935,2158653
2016-11-08,937.000000,937.333008,922.666992,931.466980,897.632263,1881726
2016-11-09,880.000000,939.400024,863.400024,926.966980,893.295776,4757398
2016-11-10,933.700012,951.333008,933.700012,941.400024,907.204468,2766432
2016-11-11,931.267029,939.333008,924.000000,925.867004,892.235718,2518286
2016-11-15,919.333008,938.333008,908.833008,913.533020,880.349792,3958053
2016-11-16,924.867004,925.533020,900.666992,917.033020,883.722595,3299710
2016-11-17,918.799988,922.666992,906.666992,914.000000,880.799805,1377642
2016-11-18,914.666992,921.567017,907.333008,913.632996,880.446045,1654947
2016-11-21,919.132996,919.132996,893.333008,898.599976,865.959167,1962840
2016-11-22,905.500000,906.666992,869.666992,886.367004,854.170532,3084870
2016-11-23,904.666992,923.333008,898.666992,904.833008,871.965759,7493139
2016-11-24,902.599976,910.599976,893.333008,899.767029,867.083801,4315370
2016-11-25,905.200012,916.799988,890.932983,913.799988,880.607056,3065824
2016-11-28,913.632996,914.799988,900.000000,904.632996,871.773010,1777818
2016-11-29,904.666992,913.132996,899.367004,901.632996,868.882019,1741328
2016-11-30,910.000000,927.500000,900.000000,921.833008,888.348206,4335632
2016-12-01,924.267029,935.000000,915.200012,925.567017,891.946655,2151998
2016-12-02,918.666992,919.732971,906.000000,907.900024,874.921387,1217828
2016-12-05,906.799988,909.867004,899.400024,904.099976,871.259338,1062822
2016-12-06,905.432983,916.000000,905.200012,908.099976,875.114075,1771910
2016-12-07,912.000000,916.732971,900.000000,902.533020,869.749329,1557765
2016-12-08,910.099976,917.166992,907.867004,911.299988,878.197876,1388842
2016-12-09,915.267029,915.533020,904.666992,908.132996,875.145874,1211254
2016-12-12,906.666992,916.599976,904.067017,909.966980,876.913330,1636280
2016-12-13,910.666992,919.267029,910.132996,917.132996,883.818970,2168126
2016-12-14,921.267029,921.267029,904.732971,906.632996,873.700378,1360938
2016-12-15,899.833008,911.400024,899.333008,904.567017,871.709473,900524
2016-12-16,904.200012,909.666992,901.367004,907.067017,874.118652,1577426
2016-12-19,905.000000,906.000000,894.367004,896.632996,864.063599,1148169
2016-12-20,896.666992,907.466980,896.099976,903.666992,870.842102,1177779
2016-12-21,905.466980,907.033020,893.333008,894.666992,862.169067,950224
2016-12-22,893.833008,896.000000,874.700012,876.432983,844.597412,1357563
2016-12-23,877.166992,894.666992,868.333008,891.632996,859.245239,2136648
2016-12-26,890.400024,896.666992,878.900024,891.732971,859.341614,1198728
2016-12-27,893.333008,906.333008,886.067017,903.732971,870.905640,1222356
2016-12-28,904.666992,908.833008,897.333008,899.966980,867.276489,1294264
2016-12-29,894.367004,902.666992,886.932983,892.799988,860.369873,2010627
2016-12-30,896.666992,903.666992,896.000000,899.400024,866.730103,1280979
2017-01-02,904.033020,912.666992,899.432983,906.400024,873.475830,1476812
2017-01-03,906.666992,916.666992,901.466980,911.466980,878.358765,1363398
2017-01-04,916.666992,920.900024,913.666992,917.732971,884.397095,2144739
2017-01-05,921.500000,930.000000,918.666992,928.200012,894.484009,2781498
2017-01-06,930.000000,935.799988,925.067017,927.299988,893.616699,1462912
2017-01-09,928.000000,931.966980,917.799988,920.432983,886.999084,819484
2017-01-10,920.166992,930.000000,918.367004,925.000000,891.400208,1359729
2017-01-11,932.000000,945.232971,930.000000,941.567017,907.365479,1514451
2017-01-12,943.267029,969.533020,942.666992,966.232971,931.135437,2707455
2017-01-13,973.333008,973.333008,954.799988,959.166992,924.326050,1400770
2017-01-16,956.666992,966.666992,954.867004,961.867004,926.928040,1052802
2017-01-17,960.000000,973.299988,960.000000,963.833008,928.822693,1423840
2017-01-18,964.000000,979.333008,964.000000,968.299988,933.127380,1538178
2017-01-19,968.666992,975.333008,963.367004,966.299988,931.200012,1019914
2017-01-20,966.299988,969.267029,940.666992,943.166992,908.907288,2177486
2017-01-23,941.333008,942.000000,921.267029,929.033020,895.286743,3534069
2017-01-24,932.166992,949.333008,932.000000,946.533020,912.151062,1879688
2017-01-25,949.867004,969.333008,946.932983,966.500000,931.392822,2294774
2017-01-27,967.367004,980.166992,955.567017,959.932983,925.064331,1871126
2017-01-30,962.000000,978.000000,958.666992,961.867004,926.928040,2601585
2017-01-31,960.000000,970.000000,951.333008,964.166992,929.144531,1894154
2017-02-01,965.299988,996.567017,964.200012,993.500000,957.411987,3577634
2017-02-02,994.400024,996.000000,980.200012,984.333008,948.578003,2257914
2017-02-03,984.333008,992.000000,971.333008,987.132996,951.276306,1650459
2017-02-06,990.000000,1000.000000,986.267029,989.200012,953.268250,1526715
2017-02-07,986.799988,1003.200012,981.432983,1000.200012,963.868652,2499546
2017-02-08,1003.200012,1007.330017,992.833008,1004.570007,968.079956,1689792
2017-02-09,1005.330017,1007.229980,984.267029,993.799988,957.701111,1529256
2017-02-10,996.833008,1005.429993,994.833008,1001.299988,964.928711,1300986
2017-02-13,1003.700012,1006.000000,987.700012,1000.099976,963.772278,930046
2017-02-14,1003.330017,1004.630005,990.666992,995.067017,958.922119,926546
2017-02-15,995.132996,1003.799988,984.099976,986.666992,950.827271,1952469
2017-02-16,989.267029,990.000000,974.033020,980.166992,944.563293,2071947
2017-02-17,980.700012,990.000000,976.666992,985.333008,949.541626,1028691
2017-02-20,988.567017,994.666992,983.367004,988.432983,952.529053,1105371
2017-02-21,984.000000,993.400024,984.000000,988.867004,952.947266,970616
2017-02-22,988.666992,992.500000,981.867004,984.632996,948.867065,1291317
2017-02-23,986.666992,1004.000000,978.799988,991.067017,955.067444,2175398
2017-02-27,996.466980,1000.000000,973.400024,977.232971,941.735901,1553900
2017-02-28,981.333008,991.966980,977.432983,979.466980,943.888733,1773558
2017-03-01,981.333008,989.900024,980.767029,984.099976,948.353455,1219412
2017-03-02,988.033020,996.900024,980.000000,982.632996,946.939758,1920216
2017-03-03,980.900024,985.567017,973.333008,980.232971,944.626892,1205019
2017-03-06,978.666992,992.666992,978.666992,990.400024,954.424622,821986
2017-03-07,989.333008,994.367004,986.299988,990.932983,954.938293,991566
2017-03-08,989.599976,996.333008,979.232971,984.200012,948.449829,1424362
2017-03-09,981.932983,988.533020,976.666992,984.599976,948.835327,1111050
2017-03-10,987.267029,998.333008,986.700012,994.400024,958.279358,1836264
2017-03-14,1011.330017,1045.800049,1011.330017,1038.729980,1000.999023,7224810
2017-03-15,1038.000000,1040.000000,1026.800049,1032.599976,995.091797,2408866
2017-03-16,1039.329956,1050.000000,1038.670044,1047.369995,1009.325256,2396146
2017-03-17,1047.369995,1048.599976,1029.430054,1035.030029,997.433533,1927983
2017-03-20,1036.000000,1036.930054,1023.500000,1025.099976,987.864197,1442108
2017-03-21,1033.329956,1043.069946,1028.670044,1032.699951,995.188049,2415213
2017-03-22,1025.229980,1034.500000,1016.929993,1019.900024,982.853088,3371402
2017-03-23,1024.670044,1038.930054,1012.700012,1029.270020,991.882690,2511771
2017-03-24,1032.000000,1038.670044,1027.670044,1034.130005,996.566162,1347656
2017-03-27,1033.270020,1036.670044,1025.329956,1029.270020,991.882690,1583550
2017-03-28,1032.000000,1038.530029,1027.400024,1029.500000,992.104370,2628958
2017-03-29,1036.000000,1045.069946,1033.329956,1037.699951,1000.006531,2280357
2017-03-30,1042.000000,1046.670044,1034.829956,1038.300049,1000.584778,2288326
2017-03-31,1034.729980,1062.430054,1034.729980,1049.930054,1011.792297,3543100
2017-04-03,1054.599976,1110.670044,1051.069946,1107.329956,1067.107178,6576885
2017-04-05,1107.329956,1133.300049,1098.569946,1130.969971,1089.888550,5179798
2017-04-06,1123.329956,1134.900024,1112.670044,1122.130005,1081.369629,2740816
2017-04-07,1116.670044,1146.630005,1114.069946,1123.670044,1082.853760,4096640
2017-04-10,1125.329956,1139.400024,1108.670044,1116.030029,1075.491211,2406430
2017-04-11,1116.030029,1139.329956,1114.000000,1136.599976,1095.314087,1974126
2017-04-12,1130.000000,1141.000000,1117.530029,1135.199951,1093.964844,2135064
2017-04-13,1129.670044,1129.670044,1114.969971,1119.030029,1078.382202,1975484
2017-04-17,1120.000000,1126.400024,1113.930054,1120.900024,1080.184326,1135260
2017-04-18,1122.670044,1132.630005,1108.800049,1113.000000,1072.571167,1839489
2017-04-19,1113.329956,1116.670044,1107.900024,1113.699951,1073.245850,1158162
2017-04-20,1115.930054,1124.400024,1108.800049,1120.800049,1080.088013,1044189
2017-04-21,1130.000000,1134.469971,1120.000000,1125.000000,1084.135498,2415932
2017-04-24,1128.670044,1157.599976,1127.329956,1155.130005,1113.170898,3238530
2017-04-25,1160.000000,1166.670044,1157.329956,1164.069946,1121.786255,2879794
2017-04-26,1164.000000,1176.000000,1160.000000,1167.530029,1125.120483,2885722
2017-04-27,1165.229980,1182.670044,1162.670044,1177.829956,1135.046265,2126127
2017-04-28,1175.369995,1177.170044,1160.130005,1166.530029,1124.156860,1637739
2017-05-02,1166.729980,1178.000000,1150.000000,1154.699951,1112.756470,1861142
2017-05-03,1157.329956,1163.500000,1144.000000,1146.800049,1105.143555,1296282
2017-05-04,1149.329956,1161.300049,1148.000000,1154.430054,1112.496460,1255336
2017-05-05,1153.329956,1154.069946,1135.469971,1149.599976,1107.841797,1555142
2017-05-08,1152.000000,1159.199951,1136.729980,1139.729980,1098.330322,1246116
2017-05-09,1141.329956,1171.300049,1136.670044,1163.099976,1120.851440,1836462
2017-05-10,1169.800049,1176.670044,1154.069946,1159.500000,1117.382324,2010128
2017-05-11,1166.670044,1169.670044,1146.400024,1157.900024,1115.840332,1270446
2017-05-12,1158.300049,1171.329956,1151.069946,1160.400024,1118.249634,1803768
2017-05-15,1165.729980,1167.699951,1157.670044,1161.599976,1119.405884,1195701
2017-05-16,1164.670044,1165.500000,1151.699951,1160.469971,1118.316895,1654389
2017-05-17,1162.599976,1176.000000,1153.670044,1170.300049,1127.789917,2502879
2017-05-18,1159.770020,1166.729980,1144.270020,1148.400024,1106.685425,2155830
2017-05-19,1152.670044,1156.000000,1131.699951,1149.699951,1107.938110,2268141
2017-05-22,1155.329956,1172.670044,1152.670044,1167.969971,1125.544556,2839224
2017-05-23,1170.000000,1176.599976,1151.599976,1160.500000,1118.345825,1463805
2017-05-24,1161.400024,1171.270020,1118.400024,1122.969971,1082.179199,2173070
2017-05-25,1128.000000,1183.329956,1128.000000,1179.229980,1136.395508,5404772
2017-05-26,1180.000000,1199.329956,1169.229980,1191.729980,1148.441528,3066081
2017-05-29,1189.270020,1206.630005,1177.329956,1188.270020,1145.107178,3033658
2017-05-30,1210.670044,1222.630005,1169.329956,1178.369995,1135.566772,6550440
2017-05-31,1181.670044,1190.000000,1167.130005,1173.800049,1131.162842,3000732
2017-06-01,1173.329956,1198.670044,1165.329956,1195.199951,1151.785400,2898184
2017-06-02,1200.000000,1203.329956,1185.400024,1189.329956,1146.128662,1425321
2017-06-05,1196.670044,1206.270020,1189.000000,1203.270020,1159.562256,1906419
2017-06-06,1205.130005,1205.369995,1181.430054,1183.430054,1140.442993,1431069
2017-06-07,1182.670044,1196.329956,1182.000000,1192.400024,1149.087280,1327540
2017-06-08,1192.670044,1199.329956,1181.000000,1182.829956,1139.864746,1428980
2017-06-09,1184.670044,1189.270020,1174.400024,1185.469971,1142.408813,1632207
2017-06-12,1185.199951,1185.329956,1139.270020,1157.729980,1115.676392,4068957
2017-06-13,1163.030029,1169.800049,1157.699951,1159.329956,1117.218262,1412274
2017-06-14,1161.329956,1180.900024,1156.530029,1176.300049,1133.572021,2079657
2017-06-15,1171.430054,1174.599976,1153.329956,1156.900024,1114.876709,1481092
2017-06-16,1156.569946,1167.329956,1147.130005,1151.130005,1109.316284,2243152
2017-06-19,1157.329956,1173.329956,1154.800049,1170.530029,1128.011597,1781056
2017-06-20,1172.469971,1179.300049,1160.130005,1167.000000,1124.609741,1565472
2017-06-21,1172.329956,1188.000000,1167.329956,1169.469971,1126.990112,3556928
2017-06-22,1173.329956,1177.069946,1154.869995,1157.599976,1115.551270,1761759
2017-06-23,1160.000000,1162.170044,1146.000000,1148.469971,1106.752930,1716825
2017-06-27,1145.030029,1158.630005,1123.930054,1134.469971,1093.261353,2317046
2017-06-28,1132.569946,1138.670044,1120.900024,1135.500000,1094.253906,1578525
2017-06-29,1136.069946,1148.770020,1130.369995,1135.770020,1094.514160,2709552
2017-06-30,1132.670044,1132.670044,1107.530029,1125.069946,1084.202881,3251535
2017-07-03,1125.329956,1140.329956,1115.599976,1124.829956,1083.971436,2170096
2017-07-04,1133.329956,1133.329956,1114.000000,1122.229980,1081.465942,1640038
2017-07-05,1122.670044,1132.670044,1120.069946,1130.199951,1089.146484,1034440
2017-07-06,1132.800049,1137.969971,1126.869995,1131.729980,1090.620972,1417581
2017-07-07,1131.329956,1145.270020,1126.800049,1136.270020,1094.996094,1845099
2017-07-10,1141.329956,1159.329956,1141.329956,1154.770020,1112.824097,324260
2017-07-11,1159.599976,1166.599976,1153.329956,1160.729980,1118.567627,2123948
2017-07-12,1165.329956,1171.130005,1157.130005,1159.699951,1117.574829,2036904
2017-07-13,1165.099976,1182.500000,1160.000000,1175.099976,1146.253174,1643754
2017-07-14,1183.000000,1183.000000,1159.550049,1171.199951,1142.448853,1401864
2017-07-17,1178.000000,1182.000000,1162.400024,1171.250000,1142.497803,1646087
2017-07-18,1169.900024,1187.000000,1168.099976,1177.900024,1148.984497,2375324
2017-07-19,1184.000000,1187.000000,1170.099976,1181.300049,1152.301025,1827242
2017-07-20,1182.000000,1194.449951,1176.000000,1185.650024,1156.544312,1845852
2017-07-21,1190.000000,1190.000000,1170.199951,1179.250000,1150.301392,1912305
2017-07-24,1177.000000,1182.650024,1171.099976,1178.000000,1149.082031,1313657
2017-07-25,1178.000000,1179.949951,1165.500000,1170.849976,1142.107544,2182162
2017-07-26,1169.900024,1184.000000,1166.000000,1180.250000,1151.276733,1161591
2017-07-27,1180.800049,1194.900024,1173.000000,1182.050049,1153.032715,3881208
2017-07-28,1184.000000,1190.400024,1153.500000,1161.400024,1132.889526,3278658
2017-07-31,1193.699951,1207.500000,1180.099976,1193.949951,1164.640381,5000536
2017-08-01,1198.250000,1198.250000,1171.699951,1190.050049,1160.836304,2721660
2017-08-02,1191.000000,1191.849976,1172.500000,1176.800049,1147.911621,2154488
2017-08-03,1179.900024,1184.650024,1167.650024,1174.750000,1145.911743,1426006
2017-08-04,1174.000000,1181.949951,1169.699951,1175.849976,1146.984863,1082867
2017-08-07,1176.699951,1184.599976,1172.000000,1179.949951,1150.984131,1035670
2017-08-08,1180.000000,1186.000000,1164.000000,1171.199951,1142.448853,1531255
2017-08-09,1171.000000,1171.000000,1148.000000,1153.900024,1125.573730,1439328
2017-08-10,1151.000000,1166.900024,1140.000000,1157.699951,1129.280273,1713614
2017-08-11,1138.000000,1144.050049,1125.199951,1131.949951,1117.678467,2001103
2017-08-14,1143.250000,1153.000000,1119.000000,1146.900024,1132.440063,1866838
2017-08-16,1149.000000,1152.400024,1123.250000,1142.250000,1127.848633,2143899
2017-08-17,1145.000000,1157.000000,1131.050049,1134.000000,1119.702637,1508949
2017-08-18,1124.000000,1137.650024,1123.000000,1130.599976,1116.345459,1230709
2017-08-21,1133.449951,1140.000000,1124.599976,1127.099976,1112.889648,1651344
2017-08-22,1132.000000,1135.000000,1113.050049,1117.699951,1103.608154,1361351
2017-08-23,1120.000000,1128.849976,1114.400024,1124.150024,1109.976929,1710949
2017-08-24,1130.000000,1135.800049,1126.000000,1131.699951,1117.431641,1316100
2017-08-28,1134.699951,1155.000000,1128.800049,1138.900024,1124.540894,1884734
2017-08-29,1135.650024,1138.750000,1123.349976,1130.050049,1115.802490,1045267
2017-08-30,1140.000000,1145.900024,1133.000000,1139.650024,1125.281494,895791
2017-08-31,1144.000000,1145.000000,1130.500000,1136.300049,1121.973755,1926054
2017-09-01,1134.949951,1144.400024,1131.550049,1139.199951,1124.837036,976551
2017-09-04,1127.949951,1138.949951,1122.000000,1130.650024,1116.394897,1006945
2017-09-05,1131.150024,1139.000000,1122.300049,1126.650024,1112.445313,1110437
2017-09-06,1122.000000,1126.099976,1115.900024,1117.599976,1103.509399,891224
2017-09-07,1121.099976,1130.949951,1118.250000,1129.099976,1114.864380,1038623
2017-09-08,1137.500000,1182.000000,1134.050049,1172.400024,1157.618530,4947759
2017-09-11,1180.000000,1225.000000,1152.550049,1217.849976,1202.495483,4364705
2017-09-12,1219.500000,1234.000000,1219.500000,1230.250000,1214.739136,2451814
2017-09-13,1222.000000,1229.000000,1207.500000,1223.349976,1207.926147,2233311
2017-09-14,1223.550049,1234.000000,1211.500000,1214.199951,1198.891479,1440488
2017-09-15,1214.000000,1221.650024,1202.050049,1212.400024,1197.114258,1723247
2017-09-18,1218.550049,1246.000000,1218.550049,1237.949951,1222.342041,3005809
2017-09-19,1235.000000,1237.800049,1220.500000,1225.900024,1210.444092,900287
2017-09-20,1228.150024,1250.500000,1228.150024,1235.949951,1220.367310,2347635
2017-09-21,1236.900024,1240.000000,1208.750000,1228.050049,1212.566895,2216227
2017-09-22,1228.050049,1229.150024,1176.050049,1184.800049,1169.862183,2968531
2017-09-25,1187.000000,1187.000000,1145.000000,1165.199951,1150.509277,2720490
2017-09-26,1151.000000,1170.000000,1151.000000,1162.900024,1148.238281,1809036
2017-09-27,1172.900024,1172.900024,1131.500000,1137.199951,1122.862305,2317721
2017-09-28,1140.349976,1143.699951,1128.000000,1133.349976,1119.060791,3474398
2017-09-29,1139.949951,1154.050049,1131.050049,1142.050049,1127.651245,3193745
2017-10-03,1155.550049,1157.750000,1128.050049,1134.900024,1120.591309,1413186
2017-10-04,1135.000000,1143.849976,1133.349976,1138.300049,1123.948486,1155472
2017-10-05,1142.000000,1145.800049,1128.500000,1132.050049,1117.777344,1303081
2017-10-06,1135.000000,1144.949951,1135.000000,1141.800049,1127.404419,1814990
2017-10-09,1142.000000,1158.250000,1138.849976,1140.949951,1126.564941,1737288
2017-10-10,1154.000000,1155.250000,1138.250000,1142.699951,1128.292969,2347406
2017-10-11,1147.400024,1151.500000,1127.349976,1133.849976,1119.554565,1638071
2017-10-12,1142.000000,1146.099976,1134.250000,1143.650024,1129.231079,1151274
2017-10-13,1143.650024,1150.000000,1136.150024,1138.650024,1124.294067,1762307
2017-10-16,1143.000000,1150.949951,1140.650024,1144.699951,1130.267700,1189499
2017-10-17,1142.000000,1155.000000,1140.000000,1148.750000,1134.266724,1123634
2017-10-18,1150.000000,1156.900024,1138.099976,1141.400024,1127.009399,1263098
2017-10-19,1143.000000,1147.050049,1137.000000,1139.750000,1125.380127,264888
2017-10-23,1143.000000,1152.000000,1123.199951,1135.750000,1121.430664,1077546
2017-10-24,1139.000000,1145.400024,1126.099976,1142.550049,1128.144897,1281327
2017-10-25,1150.099976,1215.000000,1150.099976,1204.199951,1189.017578,6377478
2017-10-26,1209.949951,1243.500000,1209.150024,1223.500000,1208.074219,5486055
2017-10-27,1232.949951,1242.000000,1220.400024,1224.650024,1209.209839,2036609
2017-10-30,1228.000000,1239.900024,1224.150024,1236.949951,1221.354614,1808153
2017-10-31,1237.000000,1238.199951,1210.800049,1222.300049,1206.889404,1815888
2017-11-01,1226.099976,1236.650024,1213.300049,1215.300049,1199.977661,1929731
2017-11-02,1215.500000,1216.000000,1203.750000,1210.949951,1195.682495,1183382
2017-11-03,1211.000000,1247.150024,1211.000000,1235.000000,1219.429321,1797145
2017-11-06,1225.000000,1241.500000,1218.500000,1224.699951,1209.259033,1691967
2017-11-07,1225.550049,1233.599976,1203.099976,1211.050049,1195.781250,1658527
2017-11-08,1212.000000,1225.000000,1208.199951,1218.199951,1202.841064,1905789
2017-11-09,1220.150024,1231.099976,1205.900024,1215.900024,1200.570068,1733475
2017-11-10,1217.650024,1274.949951,1217.000000,1264.949951,1249.001587,5671395
2017-11-13,1229.800049,1259.949951,1208.199951,1240.550049,1224.909302,5216845
2017-11-14,1235.000000,1238.000000,1207.050049,1210.199951,1194.941895,2519826
2017-11-15,1210.500000,1225.000000,1206.050049,1209.500000,1194.250732,1801470
2017-11-16,1211.099976,1223.900024,1209.000000,1219.300049,1203.927246,2003168
2017-11-17,1230.000000,1239.449951,1215.000000,1222.800049,1207.383179,2261694
2017-11-20,1240.000000,1248.000000,1224.000000,1229.800049,1214.294922,2799314
2017-11-21,1235.500000,1235.500000,1212.250000,1222.650024,1207.234985,2192795
2017-11-22,1225.000000,1232.000000,1215.150024,1222.699951,1207.284302,2266995
2017-11-23,1222.000000,1229.199951,1211.300049,1215.949951,1200.619385,1654930
2017-11-24,1216.000000,1224.000000,1213.500000,1218.500000,1203.137329,1637839
2017-11-27,1215.000000,1234.000000,1215.000000,1224.750000,1209.308472,1464649
2017-11-28,1228.000000,1228.000000,1209.000000,1211.699951,1196.422974,4940494
2017-11-29,1215.449951,1223.000000,1212.000000,1217.849976,1202.495483,2046078
2017-11-30,1215.000000,1223.900024,1209.000000,1216.550049,1201.211914,3419336
2017-12-01,1216.150024,1235.000000,1208.000000,1211.650024,1196.373657,1772981
2017-12-04,1217.000000,1225.099976,1201.800049,1217.500000,1202.149902,1796642
2017-12-05,1214.500000,1214.500000,1191.349976,1209.900024,1194.645752,2139688
2017-12-06,1205.900024,1212.000000,1189.000000,1191.250000,1176.230835,1696890
2017-12-07,1196.000000,1228.449951,1196.000000,1218.400024,1203.038574,2476888
2017-12-08,1225.000000,1227.000000,1217.699951,1220.349976,1204.963989,2316890
2017-12-11,1224.000000,1229.000000,1215.250000,1221.849976,1206.445068,2227028
2017-12-12,1221.199951,1221.500000,1200.500000,1202.900024,1187.734009,2009798
2017-12-13,1204.500000,1210.000000,1185.000000,1189.250000,1174.256104,2262858
2017-12-14,1196.500000,1200.000000,1176.099976,1188.800049,1173.811768,1709762
2017-12-15,1202.000000,1216.250000,1201.000000,1203.550049,1188.375854,2161729
2017-12-18,1195.000000,1224.000000,1175.000000,1217.900024,1202.544922,2851823
2017-12-19,1222.000000,1222.000000,1213.349976,1219.900024,1204.519653,2878543
2017-12-20,1217.199951,1240.449951,1209.000000,1232.500000,1216.960815,3293207
2017-12-21,1239.000000,1265.000000,1237.000000,1258.800049,1242.929199,3664052
2017-12-22,1260.400024,1270.000000,1253.000000,1266.150024,1250.186523,2490561
2017-12-26,1271.800049,1275.000000,1257.300049,1269.699951,1253.691772,2493302
2017-12-27,1268.900024,1275.949951,1251.300049,1257.849976,1241.991211,1675081
2017-12-28,1257.500000,1264.949951,1249.449951,1252.750000,1236.955444,2850194
2017-12-29,1262.000000,1270.000000,1247.949951,1258.250000,1242.386108,1819413
2018-01-01,1261.000000,1274.000000,1255.900024,1260.699951,1244.805176,2048058
2018-01-02,1267.000000,1269.900024,1242.849976,1249.750000,1233.993286,1512324
2018-01-03,1255.900024,1283.949951,1251.500000,1275.300049,1259.221191,2720736
2018-01-04,1284.949951,1320.000000,1280.099976,1315.699951,1299.111816,4546456
2018-01-05,1325.000000,1328.949951,1308.000000,1314.900024,1298.321899,2418902
2018-01-08,1316.500000,1345.949951,1316.500000,1338.250000,1321.377563,3513256
2018-01-09,1340.000000,1343.000000,1326.400024,1332.750000,1315.946899,1703294
2018-01-10,1332.199951,1336.500000,1317.650024,1323.750000,1307.060303,1098019
2018-01-11,1320.199951,1326.800049,1313.050049,1323.550049,1306.862915,1232290
2018-01-12,1325.500000,1332.300049,1309.750000,1329.150024,1312.392212,1825056
2018-01-15,1334.849976,1351.199951,1323.599976,1325.949951,1309.232544,2386631
2018-01-16,1331.050049,1339.650024,1323.349976,1326.199951,1309.479370,3139385
2018-01-17,1323.000000,1357.000000,1320.250000,1353.349976,1336.287109,2724814
2018-01-18,1360.000000,1385.000000,1350.449951,1360.800049,1343.643311,4966982
2018-01-19,1362.000000,1378.650024,1353.500000,1371.449951,1354.158936,2127776
2018-01-22,1289.199951,1403.650024,1289.199951,1398.849976,1381.213501,3067658
2018-01-23,1406.000000,1415.000000,1393.099976,1410.699951,1392.914063,4804202
2018-01-24,1407.099976,1409.800049,1389.800049,1401.199951,1383.533813,2147973
2018-01-25,1392.000000,1427.050049,1392.000000,1416.500000,1398.640991,6113475
2018-01-29,1418.000000,1441.650024,1418.000000,1431.949951,1413.896118,2945415
2018-01-30,1429.949951,1436.699951,1406.750000,1429.900024,1411.872070,1988140
2018-01-31,1431.900024,1439.699951,1412.000000,1416.500000,1398.640991,2614515
2018-02-01,1458.900024,1470.000000,1405.199951,1455.599976,1437.247925,8187730
2018-02-02,1448.000000,1448.000000,1410.050049,1415.449951,1397.604126,3621563
2018-02-05,1380.000000,1400.000000,1355.099976,1363.650024,1346.457275,3060688
2018-02-06,1319.949951,1372.349976,1294.250000,1353.050049,1335.990967,4230633
2018-02-07,1370.000000,1370.000000,1330.000000,1333.750000,1316.934204,2927403
2018-02-08,1345.000000,1359.500000,1333.000000,1347.400024,1330.412231,1932082
2018-02-09,1324.800049,1343.000000,1318.099976,1329.250000,1312.490967,2029257
2018-02-12,1334.550049,1355.000000,1334.550049,1350.500000,1333.473022,1543603
2018-02-14,1354.699951,1372.500000,1345.599976,1361.199951,1344.038086,2310144
2018-02-15,1364.400024,1370.000000,1346.400024,1350.349976,1333.324951,1861841
2018-02-16,1358.000000,1364.000000,1320.449951,1328.400024,1311.651733,1424576
2018-02-19,1328.000000,1330.949951,1287.000000,1295.500000,1279.166504,4275673
2018-02-20,1300.000000,1309.599976,1287.250000,1290.599976,1274.328247,2063972
2018-02-21,1299.000000,1299.599976,1279.000000,1282.800049,1266.626709,1584305
2018-02-22,1278.000000,1298.000000,1276.000000,1292.000000,1275.710571,3028574
2018-02-23,1292.599976,1305.000000,1280.400024,1301.699951,1285.288330,2176017
2018-02-26,1306.000000,1347.699951,1306.000000,1344.250000,1327.301880,2239306
2018-02-27,1347.500000,1355.800049,1331.300049,1338.099976,1321.229370,2243499
2018-02-28,1328.000000,1331.599976,1310.599976,1318.150024,1301.531006,2439968
2018-03-01,1319.000000,1332.900024,1313.099976,1315.199951,1298.618042,1927606
2018-03-05,1312.699951,1312.699951,1297.949951,1300.699951,1284.300903,1302005
2018-03-06,1308.699951,1318.900024,1275.000000,1283.400024,1267.219116,2381856
2018-03-07,1284.000000,1293.900024,1260.000000,1263.300049,1247.372559,2156582
2018-03-08,1271.900024,1289.800049,1259.250000,1283.800049,1267.614014,3588828
2018-03-09,1285.199951,1296.050049,1280.000000,1290.500000,1274.229492,2508919
2018-03-12,1300.000000,1312.000000,1297.000000,1310.050049,1293.533081,2267260
2018-03-13,1311.400024,1322.949951,1294.050049,1302.750000,1286.325073,1915199
2018-03-14,1303.000000,1313.000000,1292.000000,1303.250000,1286.818848,1714051
2018-03-15,1304.900024,1309.599976,1292.099976,1295.099976,1278.771484,1178352
2018-03-16,1299.900024,1303.900024,1260.400024,1269.300049,1253.296875,5152611
2018-03-19,1280.000000,1292.000000,1265.849976,1279.550049,1263.417603,4452882
2018-03-20,1275.000000,1300.000000,1275.000000,1293.500000,1277.191772,2831066
2018-03-21,1295.000000,1313.599976,1295.000000,1309.349976,1292.841919,2835466
2018-03-22,1314.800049,1321.400024,1289.000000,1296.250000,1279.907104,1834024
2018-03-23,1278.599976,1283.300049,1261.500000,1267.900024,1251.914551,2280525
2018-03-26,1268.000000,1300.099976,1268.000000,1297.400024,1281.042603,1697069
2018-03-27,1307.000000,1314.000000,1301.000000,1307.550049,1291.064575,2003736
2018-03-28,1301.099976,1325.000000,1292.400024,1310.900024,1294.372314,3989865
2018-04-02,1313.000000,1339.500000,1312.050049,1335.949951,1319.106445,1302024
2018-04-03,1332.750000,1339.000000,1318.050049,1330.400024,1313.626465,1123582
2018-04-04,1331.000000,1332.699951,1290.199951,1296.150024,1279.808350,1285513
2018-04-05,1314.000000,1335.050049,1311.000000,1328.800049,1312.046753,1758313
2018-04-06,1305.199951,1323.000000,1305.199951,1316.550049,1299.951172,1492796
2018-04-09,1318.000000,1333.000000,1317.849976,1327.900024,1311.158081,1118116
2018-04-10,1328.000000,1355.449951,1328.000000,1349.900024,1332.880615,2177789
2018-04-11,1358.400024,1359.400024,1340.000000,1352.750000,1335.694702,1536552
2018-04-12,1356.300049,1361.400024,1345.550049,1357.449951,1340.335449,1695410
2018-04-13,1362.000000,1364.349976,1340.599976,1354.849976,1337.768188,1320241
2018-04-16,1347.900024,1372.000000,1346.150024,1368.099976,1350.851196,1304778
2018-04-17,1370.500000,1377.900024,1355.199951,1359.550049,1342.409058,1058589
2018-04-18,1363.099976,1371.449951,1351.000000,1360.099976,1342.952026,1459202
2018-04-19,1365.099976,1388.099976,1361.800049,1385.000000,1367.538086,2229317
2018-04-20,1385.000000,1385.000000,1359.000000,1365.050049,1347.839722,1091415
2018-04-23,1370.000000,1378.000000,1355.500000,1360.000000,1342.853271,1364935
2018-04-24,1355.699951,1382.199951,1352.000000,1378.000000,1360.626343,1002866
2018-04-25,1375.900024,1376.750000,1356.949951,1362.900024,1345.716797,1536003
2018-04-26,1365.500000,1366.250000,1330.099976,1347.199951,1330.214600,4513014
2018-04-27,1353.500000,1383.000000,1353.500000,1377.750000,1360.379517,1746280
2018-04-30,1381.300049,1405.000000,1381.300049,1400.900024,1383.237671,1309980
2018-05-02,1420.000000,1423.750000,1390.099976,1403.150024,1385.459229,3975516
2018-05-03,1405.699951,1406.550049,1374.599976,1377.750000,1360.379517,1278892
2018-05-04,1380.000000,1386.750000,1362.000000,1368.699951,1351.443604,1274703
2018-05-07,1374.000000,1393.900024,1366.300049,1389.150024,1371.635742,1250082
2018-05-08,1391.300049,1393.000000,1356.150024,1364.900024,1347.691528,1604486
2018-05-09,1362.199951,1382.599976,1361.250000,1375.650024,1358.306030,1270004
2018-05-10,1380.099976,1385.199951,1355.150024,1362.199951,1345.025513,1262157
2018-05-11,1367.500000,1389.500000,1364.300049,1387.400024,1369.907837,1033691
2018-05-14,1381.550049,1399.000000,1377.000000,1381.750000,1364.329102,1265158
2018-05-15,1381.000000,1403.000000,1368.900024,1374.199951,1356.874268,1824434
2018-05-16,1364.900024,1374.050049,1358.699951,1362.349976,1345.173584,1491335
2018-05-17,1368.000000,1375.000000,1350.000000,1355.949951,1338.854248,1833028
2018-05-18,1350.000000,1360.599976,1312.000000,1315.550049,1298.963745,2070654
2018-05-21,1311.000000,1336.849976,1311.000000,1313.250000,1296.692749,2047129
2018-05-22,1317.900024,1340.900024,1316.099976,1320.150024,1303.505737,1375132
2018-05-23,1317.000000,1350.000000,1315.000000,1326.900024,1310.170654,1851368
2018-05-24,1336.000000,1347.500000,1326.400024,1338.050049,1321.180054,1482329
2018-05-25,1340.949951,1347.599976,1331.750000,1342.000000,1325.080200,1696915
2018-05-28,1346.000000,1384.949951,1344.099976,1376.449951,1359.095825,2127978
2018-05-29,1393.699951,1424.949951,1375.400024,1380.599976,1363.193604,6814062
2018-05-30,1380.000000,1380.000000,1357.150024,1365.650024,1348.432129,2286366
2018-05-31,1370.949951,1377.449951,1356.000000,1370.400024,1353.122192,2930988
2018-06-01,1375.800049,1396.000000,1362.599976,1372.400024,1355.096924,2234018
2018-06-04,1375.949951,1385.000000,1354.000000,1357.849976,1340.730347,1346919
2018-06-05,1361.800049,1361.800049,1326.599976,1333.750000,1316.934204,1905926
2018-06-06,1331.000000,1355.000000,1331.000000,1350.550049,1333.522461,1581905
2018-06-07,1360.400024,1366.000000,1348.949951,1355.150024,1338.064453,2272271
2018-06-08,1349.050049,1355.000000,1331.099976,1343.949951,1327.005615,2483519
2018-06-11,1343.000000,1355.000000,1337.000000,1343.250000,1326.314453,1417401
2018-06-12,1348.000000,1368.449951,1344.599976,1366.400024,1349.172607,1853562
2018-06-13,1366.800049,1368.250000,1353.000000,1358.750000,1341.619019,1253808
2018-06-14,1354.000000,1359.449951,1340.000000,1343.000000,1326.067627,1325652
2018-06-15,1341.000000,1343.000000,1323.250000,1329.900024,1313.132813,2660969
2018-06-18,1331.250000,1337.400024,1321.050049,1323.199951,1306.517212,951701
2018-06-19,1318.849976,1327.500000,1307.050049,1310.400024,1293.878662,1607343
2018-06-20,1311.050049,1319.199951,1300.000000,1306.750000,1290.274658,2207289
2018-06-21,1310.000000,1316.000000,1286.000000,1289.800049,1273.538452,2161971
2018-06-22,1288.699951,1305.000000,1283.500000,1299.849976,1283.461670,3364048
2018-06-25,1301.000000,1303.750000,1264.250000,1268.150024,1252.161377,1622133
2018-06-26,1268.800049,1283.500000,1261.099976,1270.050049,1254.037476,2003243
2018-06-27,1273.000000,1275.000000,1229.000000,1232.750000,1217.207642,2332129
2018-06-28,1228.000000,1240.000000,1206.000000,1234.949951,1219.379883,4677061
2018-06-29,1235.949951,1277.949951,1233.050049,1275.099976,1259.023682,2324572
2018-07-02,1277.900024,1277.949951,1242.900024,1255.949951,1240.115112,3832519
2018-07-03,1259.250000,1264.000000,1246.050049,1251.500000,1235.721191,2096700
2018-07-04,1251.900024,1261.400024,1243.199951,1259.500000,1243.620361,1842579
2018-07-05,1265.000000,1265.000000,1245.599976,1254.449951,1238.634033,2006459
2018-07-06,1251.000000,1278.250000,1244.900024,1266.300049,1250.334717,2064484
2018-07-09,1271.800049,1291.449951,1263.199951,1288.000000,1271.761108,2021357
2018-07-10,1294.449951,1298.000000,1272.750000,1284.599976,1268.403931,1923397
2018-07-11,1283.550049,1285.949951,1271.599976,1274.750000,1258.678101,1326221
2018-07-12,1280.099976,1304.500000,1275.000000,1299.750000,1283.362915,2777124
2018-07-13,1307.000000,1319.000000,1287.250000,1298.400024,1282.029907,2360493
2018-07-16,1300.000000,1301.150024,1277.900024,1283.099976,1266.922852,1593400
2018-07-17,1285.050049,1291.000000,1268.800049,1286.849976,1270.625488,1598278
2018-07-18,1295.000000,1308.000000,1283.000000,1292.150024,1275.858765,1855985
2018-07-19,1294.300049,1296.650024,1253.000000,1258.099976,1242.238037,1468552
2018-07-20,1257.500000,1289.000000,1255.550049,1270.349976,1254.333618,1937969
2018-07-23,1270.500000,1283.000000,1262.199951,1279.150024,1263.022705,1229445
2018-07-24,1285.000000,1328.000000,1281.000000,1324.000000,1307.307129,4071039
2018-07-25,1331.449951,1335.949951,1313.650024,1320.699951,1304.048706,2254936
2018-07-26,1331.800049,1346.900024,1293.250000,1305.949951,1289.484741,7489743
2018-07-27,1313.699951,1319.500000,1300.500000,1311.449951,1294.915405,1785314
2018-07-30,1312.500000,1316.500000,1291.199951,1295.349976,1279.018311,3090391
2018-07-31,1299.949951,1310.449951,1285.000000,1302.300049,1285.880859,2304148
2018-08-01,1306.000000,1308.849976,1292.949951,1298.000000,1281.635010,1924210
2018-08-02,1294.400024,1296.949951,1280.000000,1282.400024,1266.231689,1415162
2018-08-03,1285.199951,1297.699951,1283.050049,1290.000000,1273.735840,1279774
2018-08-06,1294.000000,1299.800049,1285.800049,1290.449951,1274.180176,842106
2018-08-07,1296.699951,1308.000000,1292.349976,1295.300049,1278.969116,1458197
2018-08-08,1297.650024,1308.800049,1290.150024,1298.250000,1281.881836,1308818
2018-08-09,1299.949951,1303.900024,1282.750000,1284.699951,1268.502563,1035908
2018-08-10,1282.349976,1295.400024,1262.000000,1264.650024,1248.705444,1784956
2018-08-13,1264.500000,1278.800049,1252.000000,1269.050049,1253.050049,1627092
2018-08-14,1264.150024,1266.699951,1250.099976,1253.250000,1253.250000,2146242
2018-08-16,1247.900024,1262.650024,1226.000000,1231.650024,1231.650024,2292161
2018-08-17,1239.000000,1247.800049,1231.449951,1240.150024,1240.150024,1750983
2018-08-20,1300.000000,1331.900024,1282.000000,1323.699951,1323.699951,11227838
2018-08-21,1335.000000,1335.000000,1315.000000,1322.550049,1322.550049,3057182
2018-08-23,1329.199951,1363.900024,1318.699951,1352.050049,1352.050049,8248115
2018-08-24,1353.699951,1363.000000,1341.000000,1342.900024,1342.900024,3506532
2018-08-27,1355.000000,1366.000000,1345.400024,1356.099976,1356.099976,2595682
2018-08-28,1362.349976,1366.000000,1352.000000,1355.599976,1355.599976,1889337
2018-08-29,1356.800049,1356.800049,1344.699951,1351.550049,1351.550049,1435495
2018-08-30,1351.150024,1362.900024,1344.000000,1346.550049,1346.550049,2288925
2018-08-31,1348.949951,1374.000000,1348.949951,1369.550049,1369.550049,3549583
2018-09-03,1375.000000,1390.000000,1360.099976,1363.000000,1363.000000,2347852
2018-09-04,1365.000000,1371.599976,1354.099976,1359.300049,1359.300049,1517216
2018-09-05,1357.900024,1363.900024,1341.400024,1348.000000,1348.000000,2413590
2018-09-06,1349.800049,1355.599976,1338.800049,1347.099976,1347.099976,1586350
2018-09-07,1349.000000,1357.000000,1341.000000,1347.500000,1347.500000,1307928
2018-09-10,1347.750000,1352.000000,1335.000000,1336.800049,1336.800049,1228247
2018-09-11,1341.550049,1347.750000,1326.800049,1329.650024,1329.650024,1617176
2018-09-12,1335.000000,1355.949951,1320.500000,1352.250000,1352.250000,1319469
2018-09-14,1356.000000,1367.199951,1350.550049,1358.849976,1358.849976,1462192
2018-09-17,1351.550049,1353.800049,1339.599976,1344.750000,1344.750000,912431
2018-09-18,1343.800049,1350.150024,1325.250000,1327.900024,1327.900024,1501479
2018-09-19,1332.949951,1343.000000,1326.000000,1332.900024,1332.900024,867001
2018-09-21,1342.199951,1352.449951,1309.550049,1329.699951,1329.699951,2309530
2018-09-24,1333.300049,1338.800049,1302.300049,1318.349976,1318.349976,2425415
2018-09-25,1316.000000,1332.699951,1308.000000,1319.050049,1319.050049,2684511
2018-09-26,1329.000000,1336.800049,1309.000000,1332.650024,1332.650024,2846089
2018-09-27,1336.849976,1337.000000,1296.500000,1309.900024,1309.900024,3847372
2018-09-28,1314.500000,1316.699951,1250.150024,1272.099976,1272.099976,4301355
2018-10-01,1274.000000,1274.000000,1217.550049,1248.099976,1248.099976,4955435
2018-10-03,1247.099976,1262.000000,1226.650024,1245.449951,1245.449951,4302314
2018-10-04,1258.000000,1292.900024,1251.250000,1257.900024,1257.900024,7398229
2018-10-05,1258.000000,1267.699951,1215.849976,1227.400024,1227.400024,4206887
2018-10-08,1230.000000,1244.000000,1203.099976,1215.349976,1215.349976,3957900
2018-10-09,1222.800049,1236.050049,1215.449951,1221.050049,1221.050049,2559815
2018-10-10,1227.000000,1265.900024,1223.699951,1250.650024,1250.650024,4134413
2018-10-11,1230.000000,1237.000000,1220.099976,1225.849976,1225.849976,3942878
2018-10-12,1224.800049,1245.000000,1218.750000,1235.250000,1235.250000,2773440
2018-10-15,1230.000000,1236.800049,1208.400024,1216.400024,1216.400024,2945137
2018-10-16,1220.000000,1228.949951,1215.550049,1224.650024,1224.650024,2336499
2018-10-17,1236.650024,1238.000000,1208.699951,1211.900024,1211.900024,1746801
2018-10-19,1200.000000,1211.900024,1186.000000,1206.050049,1206.050049,2006965
2018-10-22,1214.000000,1218.650024,1200.099976,1206.599976,1206.599976,1452784
2018-10-23,1195.900024,1209.050049,1182.500000,1200.699951,1200.699951,2109820
2018-10-24,1211.199951,1222.300049,1204.099976,1218.900024,1218.900024,1484693
2018-10-25,1208.000000,1212.050049,1195.150024,1201.550049,1201.550049,3063065
2018-10-26,1200.599976,1213.000000,1191.300049,1197.449951,1197.449951,1101325
2018-10-29,1201.000000,1264.500000,1198.250000,1261.300049,1261.300049,2140956
2018-10-30,1258.400024,1278.650024,1248.250000,1271.250000,1271.250000,1957735
2018-10-31,1266.000000,1304.000000,1249.199951,1297.500000,1297.500000,3117499
2018-11-01,1337.449951,1384.000000,1321.599976,1326.750000,1326.750000,8903105
2018-11-02,1340.000000,1369.849976,1340.000000,1358.199951,1358.199951,2665756
2018-11-05,1358.300049,1365.000000,1343.550049,1350.150024,1350.150024,1457946
2018-11-06,1350.150024,1369.800049,1350.050049,1363.849976,1363.849976,1616734
2018-11-07,1370.000000,1370.000000,1363.650024,1365.949951,1365.949951,255086
2018-11-09,1365.949951,1379.000000,1360.000000,1368.599976,1368.599976,1247358
2018-11-12,1372.900024,1384.500000,1362.000000,1367.199951,1367.199951,2174698
2018-11-13,1364.000000,1395.000000,1358.199951,1391.099976,1391.099976,2068550
2018-11-14,1394.000000,1398.000000,1379.000000,1384.699951,1384.699951,1364551
2018-11-15,1388.000000,1408.000000,1386.099976,1398.500000,1398.500000,2890196
2018-11-16,1402.750000,1414.000000,1391.500000,1399.050049,1399.050049,1732865
2018-11-19,1400.000000,1419.849976,1395.050049,1417.199951,1417.199951,1932311
2018-11-20,1410.250000,1423.099976,1407.699951,1413.099976,1413.099976,1889461
2018-11-21,1410.000000,1413.750000,1393.250000,1402.099976,1402.099976,1320423
2018-11-22,1405.000000,1419.500000,1396.199951,1410.150024,1410.150024,1723570
2018-11-26,1410.199951,1430.000000,1410.199951,1422.000000,1422.000000,2630117
2018-11-27,1419.449951,1434.000000,1415.349976,1431.599976,1431.599976,1956946
2018-11-28,1431.599976,1434.000000,1399.000000,1403.400024,1403.400024,1390580
2018-11-29,1413.650024,1435.500000,1407.500000,1422.449951,1422.449951,2816724
2018-11-30,1425.150024,1438.150024,1410.000000,1432.500000,1432.500000,2018571
2018-12-03,1435.050049,1439.949951,1412.000000,1427.500000,1427.500000,1115862
2018-12-04,1423.050049,1429.750000,1415.000000,1419.900024,1419.900024,1061729
2018-12-05,1412.000000,1419.000000,1389.150024,1394.800049,1394.800049,1582751
2018-12-06,1387.800049,1397.050049,1372.050049,1379.500000,1379.500000,1574405
2018-12-07,1387.000000,1404.000000,1372.099976,1399.900024,1399.900024,1185686
2018-12-10,1374.699951,1386.400024,1358.199951,1367.750000,1367.750000,1657418
2018-12-11,1358.000000,1369.849976,1343.650024,1361.400024,1361.400024,2302505
2018-12-12,1368.599976,1407.650024,1365.500000,1400.300049,1400.300049,1751549
2018-12-13,1413.699951,1429.000000,1406.000000,1426.449951,1426.449951,1863210
2018-12-14,1423.449951,1428.550049,1405.050049,1411.400024,1411.400024,2189734
2018-12-17,1395.400024,1424.400024,1395.050049,1408.000000,1408.000000,1610515
2018-12-18,1405.000000,1430.000000,1405.000000,1428.500000,1428.500000,1568498
2018-12-19,1431.000000,1438.000000,1426.400024,1434.750000,1434.750000,2073536
2018-12-20,1430.599976,1453.000000,1423.250000,1450.800049,1450.800049,2782410
2018-12-21,1450.800049,1459.699951,1415.199951,1420.000000,1420.000000,1975704
2018-12-24,1427.599976,1428.699951,1400.000000,1404.800049,1404.800049,1390194
2018-12-26,1398.800049,1432.000000,1384.300049,1422.650024,1422.650024,1712084
2018-12-27,1429.199951,1434.349976,1408.500000,1425.050049,1425.050049,1872745
2018-12-28,1426.550049,1448.000000,1426.300049,1439.400024,1439.400024,1918767
2018-12-31,1445.000000,1450.000000,1431.199951,1437.550049,1437.550049,1487860
2019-01-01,1445.000000,1445.000000,1425.199951,1441.900024,1441.900024,786846
2019-01-02,1441.000000,1444.900024,1417.099976,1425.500000,1425.500000,2058504
2019-01-03,1426.000000,1429.000000,1391.000000,1395.000000,1395.000000,2290756
2019-01-04,1401.900024,1407.599976,1373.550049,1388.050049,1388.050049,2711485
2019-01-07,1397.000000,1408.599976,1379.050049,1383.800049,1383.800049,1851513
2019-01-08,1387.500000,1393.849976,1375.000000,1382.199951,1382.199951,1437271
2019-01-09,1389.500000,1393.550049,1372.000000,1386.050049,1386.050049,1413005
2019-01-10,1388.000000,1398.900024,1383.250000,1392.599976,1392.599976,1063647
2019-01-11,1393.000000,1393.900024,1361.050049,1369.599976,1369.599976,2489197
2019-01-14,1367.199951,1367.199951,1331.000000,1333.900024,1333.900024,3080984
2019-01-15,1340.000000,1348.000000,1330.000000,1340.900024,1340.900024,3079248
2019-01-16,1342.900024,1361.500000,1336.000000,1342.150024,1342.150024,2454470
2019-01-17,1345.099976,1351.800049,1336.949951,1346.050049,1346.050049,1610419
2019-01-18,1350.849976,1352.000000,1313.000000,1317.900024,1317.900024,2135781
2019-01-21,1279.000000,1337.250000,1273.449951,1314.550049,1314.550049,8813681
2019-01-22,1316.900024,1321.500000,1298.099976,1301.150024,1301.150024,2544978
2019-01-23,1301.000000,1306.900024,1293.550049,1301.449951,1301.449951,1821323
2019-01-24,1305.000000,1305.550049,1287.000000,1295.349976,1295.349976,1654706
2019-01-25,1300.000000,1314.099976,1281.500000,1285.449951,1285.449951,3136788
2019-01-28,1295.449951,1337.900024,1291.650024,1300.449951,1300.449951,8004136
2019-01-29,1304.000000,1308.800049,1268.199951,1278.050049,1278.050049,3685535
2019-01-30,1284.300049,1309.000000,1281.000000,1294.449951,1294.449951,2385425
2019-01-31,1304.000000,1321.699951,1296.550049,1314.300049,1314.300049,5852257
2019-02-01,1315.500000,1334.550049,1313.000000,1324.599976,1324.599976,2515736
2019-02-04,1326.849976,1326.849976,1302.599976,1307.400024,1307.400024,2308931
2019-02-05,1310.699951,1323.000000,1300.000000,1304.599976,1304.599976,1447058
2019-02-06,1308.000000,1322.000000,1293.050049,1314.400024,1314.400024,2034886
2019-02-07,1314.000000,1320.849976,1289.199951,1296.050049,1296.050049,1556295
2019-02-08,1295.000000,1298.900024,1255.550049,1261.750000,1261.750000,2993525
2019-02-11,1259.000000,1259.000000,1221.000000,1246.500000,1246.500000,2981408
2019-02-12,1244.500000,1264.900024,1241.550049,1246.849976,1246.849976,1571390
2019-02-14,1219.000000,1231.750000,1201.099976,1227.599976,1227.599976,6974738
2019-02-15,1244.000000,1253.900024,1230.900024,1243.099976,1243.099976,3620228
2019-02-18,1245.000000,1259.550049,1240.000000,1244.500000,1244.500000,2186849
2019-02-19,1245.000000,1270.000000,1245.000000,1258.300049,1258.300049,2389086
2019-02-20,1265.000000,1282.650024,1264.199951,1276.550049,1276.550049,2433082
2019-02-21,1282.000000,1291.500000,1265.099976,1284.099976,1284.099976,2392129
2019-02-22,1282.000000,1283.400024,1265.500000,1280.349976,1280.349976,2390188
2019-02-25,1280.349976,1286.449951,1264.000000,1275.849976,1275.849976,5873730
2019-02-26,1263.800049,1275.000000,1253.000000,1265.849976,1265.849976,2417931
2019-02-27,1270.550049,1295.000000,1268.000000,1284.699951,1284.699951,3555914
2019-02-28,1293.000000,1302.949951,1273.300049,1292.949951,1292.949951,9321535
2019-03-01,1300.300049,1311.949951,1297.250000,1308.550049,1308.550049,2831577
2019-03-05,1302.000000,1310.400024,1277.050049,1305.800049,1305.800049,3948051
2019-03-06,1310.500000,1327.550049,1310.500000,1317.000000,1317.000000,2776738
2019-03-07,1323.849976,1357.300049,1310.000000,1352.400024,1352.400024,6207580
2019-03-08,1350.000000,1363.000000,1337.000000,1339.400024,1339.400024,4868283
2019-03-11,1343.550049,1351.000000,1340.000000,1346.550049,1346.550049,2661353
2019-03-12,1355.000000,1403.000000,1355.000000,1388.900024,1388.900024,6631152
2019-03-13,1395.699951,1397.550049,1372.849976,1378.599976,1378.599976,2241672
