Date,Open,High,Low,Close,Adj Close,Volume
2016-03-16,138.199997,139.167007,136.600006,137.667007,120.463982,5188654
2016-03-17,139.033005,143.266998,139.000000,141.500000,123.818016,8394324
2016-03-18,142.500000,143.332993,141.667007,143.067001,125.189224,6776230
2016-03-21,142.667007,145.000000,142.000000,144.432999,126.384491,5801745
2016-03-22,144.432999,146.100006,143.332993,144.067001,126.064240,6610557
2016-03-23,144.266998,145.167007,141.266998,143.067001,125.189224,5978228
2016-03-28,144.332993,145.800003,141.600006,142.632996,124.809441,7205974
2016-03-29,143.966995,144.000000,140.466995,141.500000,123.818016,5003186
2016-03-30,142.000000,146.000000,141.533005,145.266998,127.114281,5849823
2016-03-31,143.132996,145.033005,141.432999,142.733002,124.896942,18261630
2016-04-01,143.000000,143.300003,138.733002,139.199997,121.805405,10266195
2016-04-04,138.966995,139.100006,136.367004,138.199997,120.930367,5494028
2016-04-05,137.332993,139.000000,136.033005,137.000000,119.880325,4906772
2016-04-06,137.800003,138.667007,136.000000,137.399994,120.230339,4317508
2016-04-07,139.367004,139.667007,137.800003,138.500000,121.192902,5045078
2016-04-08,138.533005,139.632996,137.100006,137.432999,120.259209,2418254
2016-04-11,139.067001,139.500000,136.800003,138.399994,121.105370,5192644
2016-04-12,138.567001,141.766998,138.100006,140.899994,123.292984,6343280
2016-04-13,143.332993,143.600006,141.867004,142.233002,124.459412,6437622
2016-04-18,141.167007,141.167007,137.399994,138.367004,121.076530,4950201
2016-04-20,139.266998,140.466995,138.699997,139.899994,122.417931,4820409
2016-04-21,141.432999,142.966995,141.167007,141.966995,124.226654,7037139
2016-04-22,143.932999,144.899994,141.766998,144.067001,126.064240,4497202
2016-04-25,144.300003,144.300003,141.132996,141.533005,123.846893,2813826
2016-04-26,141.466995,143.733002,140.632996,142.867004,125.014191,4140094
2016-04-27,144.000000,149.167007,143.932999,147.867004,129.389389,10536442
2016-04-28,148.199997,150.266998,143.500000,144.567001,126.501747,11597841
2016-04-29,145.367004,147.167007,143.733002,144.832993,126.734505,6088467
2016-05-02,145.332993,147.266998,144.000000,145.167007,127.026772,4911861
2016-05-03,146.033005,146.466995,142.000000,143.533005,125.596954,5806392
2016-05-04,143.199997,143.533005,140.000000,140.432999,122.884331,4247746
2016-05-05,141.300003,142.167007,140.000000,140.332993,122.796844,4590195
2016-05-06,140.367004,140.432999,138.067001,138.966995,121.601524,3327824
2016-05-09,139.932999,141.667007,139.399994,141.067001,123.439125,4008650
2016-05-10,141.300003,141.300003,137.533005,138.600006,121.280403,3924152
2016-05-11,137.966995,137.966995,135.399994,136.832993,119.734192,5481087
2016-05-12,138.733002,138.966995,136.500000,137.533005,120.346725,7061337
2016-05-13,137.300003,137.300003,134.667007,135.832993,118.859146,7262070
2016-05-16,136.266998,136.600006,133.332993,135.067001,118.188889,10092506
2016-05-17,137.067001,141.332993,136.733002,140.167007,122.651588,14657428
2016-05-18,140.199997,143.533005,139.733002,142.832993,124.984413,8832225
2016-05-19,142.000000,142.167007,139.466995,140.033005,122.534340,6740378
2016-05-20,141.199997,143.100006,140.300003,142.067001,124.314148,4576983
2016-05-23,142.800003,143.000000,138.332993,138.766998,121.426529,5845634
2016-05-24,139.000000,139.132996,136.367004,137.766998,120.551468,4087502
2016-05-25,139.132996,140.500000,138.766998,140.100006,122.592934,3108448
2016-05-26,140.667007,147.432999,140.466995,144.033005,126.034492,13519851
2016-05-27,145.332993,145.932999,141.199997,142.000000,124.255531,10044087
2016-05-30,142.667007,143.800003,142.000000,142.300003,124.518028,4589130
2016-05-31,143.332993,143.667007,139.867004,140.500000,122.942970,8791202
2016-06-01,140.932999,142.199997,140.067001,140.432999,122.884331,4521807
2016-06-02,140.332993,142.567001,139.432999,141.867004,124.139153,4079510
2016-06-03,142.533005,143.000000,140.733002,141.233002,123.584381,4345935
2016-06-06,141.800003,142.233002,140.199997,140.533005,122.971848,3665349
2016-06-07,141.332993,142.632996,141.167007,141.966995,124.226654,5568472
2016-06-08,143.000000,144.832993,142.667007,143.832993,125.859474,5491938
2016-06-09,144.699997,148.199997,144.667007,147.100006,128.718262,10532686
2016-06-10,146.667007,148.466995,144.667007,145.466995,127.289268,4451984
2016-06-13,144.000000,144.266998,141.667007,142.167007,124.401649,2914852
2016-06-14,142.632996,143.199997,140.800003,141.867004,124.139153,3050001
2016-06-15,142.199997,143.000000,141.699997,142.466995,124.664162,2865534
2016-06-16,142.000000,142.033005,140.367004,141.132996,123.496857,3296192
2016-06-17,141.766998,141.832993,140.132996,140.500000,122.942970,4717605
2016-06-20,140.432999,143.500000,140.233002,142.567001,124.751671,5253388
2016-06-21,143.867004,145.466995,143.332993,145.033005,126.909523,4754096
2016-06-22,144.966995,146.266998,144.000000,145.567001,127.376793,4300168
2016-06-23,145.332993,146.367004,142.800003,145.667007,127.464294,4451146
2016-06-24,142.399994,142.600006,138.000000,139.600006,122.155426,6098570
2016-06-27,138.667007,141.567001,138.466995,140.100006,122.592934,3541858
2016-06-28,140.000000,141.233002,139.667007,140.899994,123.292984,3242284
2016-06-29,141.832993,143.432999,141.399994,143.167007,125.276703,3248850
2016-06-30,143.867004,146.332993,143.332993,144.199997,126.180595,7536646
2016-07-01,144.600006,153.199997,144.300003,150.000000,131.255844,8428420
2016-07-04,153.000000,156.867004,153.000000,154.699997,135.368515,16861305
2016-07-05,153.733002,157.600006,152.367004,153.832993,134.609879,6551590
2016-07-07,153.832993,154.567001,150.766998,151.067001,132.189499,5971878
2016-07-08,150.000000,150.199997,148.167007,148.867004,130.264404,3248258
2016-07-11,150.000000,151.733002,149.033005,150.000000,131.255844,6210183
2016-07-12,150.067001,152.966995,150.067001,151.932999,132.947281,4319643
2016-07-13,155.766998,161.033005,154.766998,156.100006,136.593582,17397438
2016-07-14,156.266998,156.500000,152.733002,153.699997,134.493469,9416404
2016-07-15,154.067001,154.867004,152.367004,153.500000,134.318466,8673333
2016-07-18,152.667007,152.667007,144.733002,145.733002,127.522064,11088225
2016-07-19,145.000000,148.332993,144.667007,147.332993,128.922104,10601104
2016-07-20,147.332993,149.600006,146.500000,149.266998,130.614441,9715894
2016-07-21,149.867004,151.167007,148.000000,148.399994,129.855774,4614314
2016-07-22,148.600006,149.100006,147.199997,148.300003,129.768265,4734196
2016-07-25,147.867004,151.466995,147.800003,151.199997,132.305878,5161390
2016-07-26,151.266998,153.067001,148.733002,149.567001,130.876968,6075612
2016-07-27,149.466995,151.667007,146.699997,148.832993,130.234650,3982970
2016-07-28,148.832993,150.199997,147.067001,147.567001,129.126877,12199317
2016-07-29,148.000000,149.233002,146.432999,146.733002,128.397079,4943548
2016-08-01,148.199997,148.966995,145.332993,145.867004,127.639297,4868154
2016-08-02,145.832993,147.932999,145.067001,147.399994,128.980728,5714404
2016-08-03,148.000000,148.600006,145.332993,145.832993,127.609535,6926822
2016-08-04,149.266998,149.266998,145.766998,146.567001,128.251816,5368088
2016-08-05,147.332993,151.132996,146.867004,150.632996,131.809753,4722490
2016-08-08,150.932999,151.332993,149.432999,150.733002,131.897263,3995138
2016-08-09,152.533005,153.233002,151.399994,152.667007,133.589569,11431887
2016-08-10,152.667007,154.000000,151.000000,152.699997,133.618454,10287928
2016-08-11,152.500000,154.600006,151.500000,154.266998,134.989624,9320216
2016-08-12,154.867004,156.266998,153.199997,155.733002,136.272430,5870230
2016-08-16,156.667007,157.567001,154.867004,156.800003,137.206100,5039550
2016-08-17,156.932999,158.932999,156.167007,158.533005,138.722549,5430909
2016-08-18,158.867004,161.432999,158.332993,160.899994,140.793762,5751255
2016-08-19,161.533005,162.332993,160.367004,161.067001,140.939911,5606354
2016-08-22,161.067001,162.600006,158.867004,159.567001,139.627335,3785410
2016-08-23,158.332993,159.800003,157.733002,158.932999,139.072540,5012451
2016-08-24,159.867004,162.000000,159.500000,160.667007,140.589890,3600734
2016-08-25,161.000000,161.832993,158.000000,158.533005,138.722549,4189737
2016-08-26,158.733002,159.233002,157.332993,158.932999,139.072540,2902112
2016-08-29,158.932999,159.667007,157.832993,158.199997,138.431168,2465332
2016-08-30,159.033005,161.667007,158.132996,161.132996,140.997635,4245724
2016-08-31,159.332993,160.800003,156.766998,157.533005,140.685074,9766926
2016-09-01,158.000000,159.432999,156.733002,157.733002,140.863678,4602483
2016-09-02,158.000000,160.100006,156.766998,159.167007,142.144333,4273124
2016-09-06,159.832993,161.132996,158.667007,159.033005,142.024658,3884562
2016-09-07,159.466995,164.199997,158.867004,163.300003,145.835297,17504218
2016-09-08,166.667007,169.932999,162.733002,164.199997,146.639053,15232856
2016-09-09,164.667007,171.667007,164.667007,169.966995,151.789276,17437126
2016-09-12,166.667007,168.567001,165.466995,167.332993,149.436966,7995681
2016-09-14,166.699997,168.399994,163.466995,165.466995,147.770554,8058135
2016-09-15,166.699997,166.867004,163.399994,165.667007,147.949158,3706280
2016-09-16,166.266998,168.667007,165.332993,166.867004,149.020813,12910044
2016-09-19,167.167007,170.332993,166.867004,169.432999,151.312393,6271972
2016-09-20,169.667007,173.600006,168.832993,171.832993,153.455704,12886208
2016-09-21,171.332993,173.000000,169.132996,170.233002,152.026825,6438340
2016-09-22,172.600006,174.100006,172.000000,173.000000,154.497894,8053006
2016-09-23,172.699997,175.567001,172.300003,173.699997,155.123047,7589790
2016-09-26,173.000000,173.667007,165.432999,166.367004,148.574295,13915599
2016-09-27,166.600006,167.867004,164.233002,165.033005,147.382980,10949967
2016-09-28,165.332993,168.266998,163.600006,167.766998,149.824570,9666958
2016-09-29,170.667007,172.000000,165.500000,166.766998,148.931503,14336462
2016-09-30,167.600006,171.567001,166.399994,171.100006,152.801117,9438718
2016-10-03,171.332993,174.632996,168.266998,173.500000,154.944443,6960220
2016-10-04,174.667007,183.266998,174.233002,182.367004,162.863129,17825014
2016-10-05,182.667007,183.500000,177.100006,177.766998,158.755081,9426820
2016-10-06,179.332993,182.300003,177.332993,179.432999,160.242920,9511054
2016-10-07,180.266998,182.466995,177.800003,178.233002,159.171249,11598678
2016-10-10,179.600006,180.000000,175.699997,177.966995,158.933685,7032378
2016-10-13,178.932999,183.266998,176.832993,181.832993,162.386200,14122952
2016-10-14,182.667007,186.132996,181.199997,184.699997,164.946625,9532546
2016-10-17,184.699997,186.667007,183.699997,185.632996,165.779816,7432578
2016-10-18,186.132996,187.332993,183.100006,184.332993,164.618851,7430624
2016-10-19,184.667007,186.932999,184.266998,185.699997,165.839661,7137429
2016-10-20,187.266998,188.766998,185.367004,187.567001,167.506973,6078450
2016-10-21,187.332993,187.367004,184.033005,186.533005,166.583572,3639472
2016-10-24,186.699997,195.766998,185.667007,194.899994,174.055725,15753549
2016-10-25,195.332993,195.800003,191.733002,192.500000,171.912399,11650041
2016-10-26,192.332993,195.233002,190.867004,193.399994,172.716156,6344126
2016-10-27,194.667007,198.266998,189.399994,193.867004,173.133209,24448257
2016-10-28,195.300003,196.300003,190.533005,191.266998,170.811295,10070332
2016-11-01,193.533005,193.533005,187.867004,192.766998,172.150864,11064357
2016-11-02,190.000000,190.533005,183.832993,184.832993,165.065369,14774770
2016-11-03,182.432999,182.667007,178.000000,178.367004,163.265823,10778124
2016-11-04,178.533005,181.300003,176.667007,179.667007,164.455765,7203464
2016-11-07,182.000000,182.667007,177.567001,178.132996,163.051651,4419261
2016-11-08,178.932999,181.132996,176.899994,180.399994,165.126694,5654564
2016-11-09,168.132996,180.667007,166.667007,179.932999,164.699249,7471796
2016-11-10,182.000000,186.300003,180.800003,184.000000,168.421936,5849240
2016-11-11,182.000000,185.867004,180.067001,182.300003,166.865860,6617526
2016-11-15,180.167007,190.966995,179.667007,183.733002,168.177521,12179968
2016-11-16,186.000000,189.733002,180.733002,181.600006,166.225128,8986996
2016-11-17,180.832993,185.332993,180.132996,182.167007,166.744110,5879166
2016-11-18,182.300003,185.167007,182.300003,183.399994,167.872711,6513860
2016-11-21,183.733002,185.466995,181.766998,184.033005,168.452118,7038116
2016-11-22,187.300003,189.000000,183.399994,185.266998,169.581650,8852828
2016-11-23,186.000000,187.632996,184.000000,186.600006,170.801804,6432657
2016-11-24,186.667007,187.800003,183.399994,184.832993,169.184387,7236183
2016-11-25,184.500000,186.567001,183.600006,184.966995,169.307037,4391636
2016-11-28,183.533005,190.332993,183.033005,189.332993,173.303406,6170169
2016-11-29,189.500000,191.867004,187.533005,189.867004,173.792206,6467512
2016-11-30,189.332993,194.132996,188.432999,192.600006,176.293808,10633436
2016-12-01,196.667007,199.067001,194.000000,194.766998,178.277344,12753524
2016-12-02,195.800003,197.199997,193.600006,194.167007,177.728149,7668508
2016-12-05,192.800003,197.766998,192.800003,196.932999,180.259964,5358345
2016-12-06,198.199997,199.832993,197.766998,199.167007,182.304825,6281910
2016-12-07,199.932999,200.300003,197.466995,198.067001,181.297958,6324726
2016-12-08,198.699997,202.932999,198.699997,202.199997,185.081039,7229704
2016-12-09,202.766998,205.199997,202.733002,204.533005,187.216522,5012332
2016-12-12,206.667007,209.733002,206.667007,207.632996,190.054047,7390622
2016-12-13,209.300003,209.300003,205.832993,208.000000,190.390015,11867766
2016-12-14,206.766998,207.632996,202.733002,203.533005,186.301178,14303529
2016-12-15,202.800003,208.600006,201.350006,206.449997,188.971222,10011138
2016-12-16,207.699997,207.949997,200.800003,201.699997,184.623383,6046045
2016-12-19,203.100006,203.399994,200.100006,201.399994,184.348770,6134651
2016-12-20,201.399994,201.449997,197.500000,199.850006,182.930038,4487663
2016-12-21,200.600006,202.350006,199.649994,201.500000,184.440323,4699901
2016-12-22,200.899994,200.899994,194.100006,194.899994,178.399078,5073928
2016-12-23,196.949997,197.250000,192.500000,192.949997,176.614166,5637468
2016-12-26,192.000000,192.750000,188.149994,189.000000,172.998611,4468708
2016-12-27,190.000000,190.899994,187.699997,190.300003,174.188553,4972743
2016-12-28,189.500000,192.100006,189.250000,189.899994,173.822388,4245082
2016-12-29,190.000000,193.750000,189.949997,191.600006,175.378479,13079156
2016-12-30,192.699997,193.350006,190.250000,191.350006,175.149658,3664012
2017-01-02,191.800003,193.000000,191.350006,192.250000,175.973450,2690448
2017-01-03,193.399994,193.750000,191.149994,192.500000,176.202271,4764310
2017-01-04,193.500000,196.750000,192.100006,194.800003,178.307556,7507779
2017-01-05,195.300003,200.250000,195.300003,199.649994,182.746948,6831388
2017-01-06,200.000000,206.949997,200.000000,202.550003,185.401398,8399536
2017-01-09,203.949997,204.949997,197.100006,198.000000,181.236633,4783989
2017-01-10,198.899994,203.000000,197.699997,198.449997,181.648529,6865373
2017-01-11,198.600006,200.000000,197.300003,197.649994,180.916245,3657809
2017-01-12,198.500000,201.699997,198.500000,199.550003,182.655411,7180398
2017-01-13,203.000000,203.949997,200.050003,201.300003,184.257248,7173268
2017-01-16,201.000000,201.800003,198.050003,198.350006,181.557022,4070898
2017-01-17,199.000000,199.649994,193.000000,194.800003,178.307556,4631529
2017-01-18,195.500000,198.399994,193.750000,198.000000,181.236633,9444964
2017-01-19,197.850006,201.449997,196.850006,200.850006,183.845337,11378619
2017-01-20,200.850006,202.000000,195.449997,197.300003,180.595901,7834336
2017-01-23,197.300003,201.800003,197.300003,199.899994,182.975769,5350419
2017-01-24,201.149994,202.199997,199.350006,201.600006,184.531860,3600754
2017-01-25,201.949997,205.699997,201.949997,204.899994,187.552444,11413512
2017-01-27,206.000000,208.000000,203.149994,204.500000,187.186310,5089894
2017-01-30,204.500000,205.449997,200.800003,201.850006,184.760681,4594038
2017-01-31,210.000000,211.800003,201.000000,202.550003,185.401398,39669868
2017-02-01,203.000000,205.000000,199.500000,200.199997,183.250381,11271144
2017-02-02,201.000000,204.500000,200.399994,200.850006,183.845337,8549969
2017-02-03,201.699997,203.199997,200.550003,200.949997,183.936874,4940894
2017-02-06,202.800003,202.850006,198.750000,199.000000,182.151962,5926274
2017-02-07,198.000000,199.500000,192.649994,193.300003,178.957932,10805646
2017-02-08,194.000000,196.000000,192.550003,194.399994,179.976318,7106853
2017-02-09,195.449997,196.199997,192.449997,192.899994,178.587616,6092204
2017-02-10,194.000000,195.449997,193.100006,193.649994,179.281952,6287846
2017-02-13,194.300003,194.500000,190.800003,192.250000,177.985855,4083916
2017-02-14,193.000000,196.199997,191.850006,195.699997,181.179855,7785934
2017-02-15,195.899994,197.800003,194.149994,194.949997,180.485519,5793110
2017-02-16,196.050003,196.300003,193.750000,194.100006,179.698578,3343438
2017-02-17,195.000000,195.199997,193.500000,194.399994,179.976318,3230898
2017-02-20,194.699997,196.199997,192.250000,195.300003,180.809570,8954741
2017-02-21,195.750000,196.750000,194.500000,196.250000,181.689087,3280290
2017-02-22,198.000000,198.500000,195.100006,195.600006,181.087296,5671343
2017-02-23,195.899994,197.600006,194.350006,196.000000,181.457626,20504597
2017-02-27,197.000000,198.000000,193.800003,194.699997,180.254074,7881156
2017-02-28,197.100006,197.300003,192.649994,193.550003,179.189407,10367585
2017-03-01,196.699997,196.699997,193.399994,193.850006,179.467148,11243767
2017-03-02,194.800003,194.899994,192.149994,192.699997,178.402451,6978509
2017-03-03,192.350006,193.500000,191.600006,193.050003,178.726501,4294857
2017-03-06,193.500000,194.750000,193.000000,193.800003,179.420837,3847930
2017-03-07,194.000000,196.949997,193.500000,196.399994,181.827942,7768654
2017-03-08,197.000000,197.199997,192.300003,192.949997,178.633896,6553289
2017-03-09,191.500000,191.699997,189.100006,189.649994,175.578751,6323875
2017-03-10,189.699997,192.449997,188.300003,191.600006,177.384079,7822853
2017-03-14,194.600006,194.600006,191.500000,191.899994,177.661804,8850096
2017-03-15,191.300003,192.949997,190.500000,190.699997,176.550842,4219974
2017-03-16,193.000000,193.600006,191.250000,191.800003,177.569244,6732778
2017-03-17,192.000000,192.399994,189.449997,190.000000,175.902786,7462534
2017-03-20,190.050003,191.699997,189.699997,190.850006,176.689728,5070076
2017-03-21,191.000000,194.449997,191.000000,194.050003,179.652298,6715278
2017-03-22,192.500000,193.899994,191.000000,192.500000,178.217285,4960436
2017-03-23,193.550003,194.500000,192.750000,193.600006,179.235687,4208188
2017-03-24,193.350006,193.399994,191.350006,191.899994,177.661804,9289757
2017-03-27,191.800003,192.000000,188.500000,188.899994,174.884399,4780041
2017-03-28,189.699997,190.000000,186.300003,186.899994,173.032791,9790503
2017-03-29,187.899994,188.100006,186.399994,186.949997,173.079086,9676087
2017-03-30,187.050003,188.250000,183.000000,183.899994,170.255371,14882692
2017-03-31,184.899994,186.300003,184.199997,185.000000,171.273773,8217678
2017-04-03,185.199997,186.350006,184.800003,185.800003,172.014404,4802523
2017-04-05,186.350006,186.699997,184.750000,186.250000,172.431015,6772865
2017-04-06,186.000000,188.100006,185.199997,187.550003,173.634567,7216198
2017-04-07,187.750000,188.449997,185.649994,186.399994,172.569885,8049423
2017-04-10,187.300003,187.750000,186.199997,186.449997,172.616180,3953031
2017-04-11,187.600006,188.399994,186.850006,187.850006,173.912323,7982429
2017-04-12,188.050003,188.699997,185.750000,186.699997,172.847641,4050669
2017-04-13,187.000000,187.300003,184.350006,184.800003,171.088608,3338347
2017-04-17,185.399994,185.399994,182.500000,183.100006,169.514771,3070001
2017-04-18,183.350006,184.399994,180.500000,180.949997,167.524261,3358340
2017-04-19,181.000000,181.949997,179.199997,179.850006,166.505890,4198156
2017-04-20,181.149994,183.399994,178.500000,179.100006,165.811539,9102962
2017-04-21,180.100006,182.050003,179.699997,180.250000,166.876205,4117134
2017-04-24,180.500000,182.199997,180.500000,181.449997,167.987167,4311732
2017-04-25,182.399994,182.449997,180.449997,181.500000,168.033463,5784684
2017-04-26,181.600006,181.800003,179.800003,180.100006,166.737335,4850265
2017-04-27,180.699997,180.800003,178.300003,179.100006,165.811539,7471812
2017-04-28,180.000000,187.149994,179.399994,186.550003,172.708771,10789077
2017-05-02,188.000000,193.899994,187.649994,192.399994,178.124710,17143827
2017-05-03,193.949997,194.750000,190.649994,191.100006,176.921188,6245067
2017-05-04,192.000000,192.449997,188.399994,188.899994,174.884399,4432281
2017-05-05,188.500000,188.600006,182.250000,183.800003,170.162811,8117137
2017-05-08,184.600006,188.199997,184.000000,185.949997,172.153275,5592129
2017-05-09,186.899994,187.750000,185.500000,186.100006,172.292160,4713977
2017-05-10,186.949997,188.449997,185.600006,187.949997,174.004898,4038348
2017-05-11,189.100006,190.250000,183.100006,183.600006,169.977646,10796830
2017-05-12,184.750000,186.399994,184.000000,184.850006,171.134903,6242350
2017-05-15,187.300003,188.300003,186.149994,186.750000,172.893921,5766195
2017-05-16,187.449997,187.500000,184.600006,185.149994,171.412643,6960470
2017-05-17,185.199997,186.649994,183.899994,184.500000,170.810852,6074714
2017-05-18,184.399994,184.399994,180.500000,180.899994,167.477951,4628258
2017-05-19,181.899994,182.649994,179.149994,180.050003,166.691040,5853904
2017-05-22,181.050003,181.600006,176.600006,177.149994,164.006210,5558525
2017-05-23,177.899994,177.899994,173.699997,174.649994,161.691696,5162996
2017-05-24,174.300003,176.250000,172.899994,173.699997,160.812180,6540417
2017-05-25,174.800003,175.649994,173.500000,174.149994,161.228790,8230189
2017-05-26,174.699997,177.500000,174.300003,175.750000,162.710068,6460263
2017-05-29,174.500000,177.300003,171.199997,175.750000,162.710068,6629243
2017-05-30,175.100006,179.350006,173.100006,178.649994,165.394913,6532975
2017-05-31,178.550003,178.550003,175.250000,177.000000,163.867340,10715866
2017-06-01,176.899994,176.899994,172.600006,174.000000,161.089920,8676208
2017-06-02,174.899994,175.449997,173.100006,174.000000,161.089920,4039371
2017-06-05,174.350006,178.500000,174.100006,175.750000,162.710068,5836542
2017-06-06,176.000000,176.000000,171.100006,171.449997,158.729111,6437174
2017-06-07,171.500000,174.000000,171.500000,172.050003,159.284622,7404338
2017-06-08,171.250000,171.699997,169.000000,170.550003,157.895905,5798852
2017-06-09,171.050003,171.250000,167.800003,169.199997,156.646072,6859186
2017-06-12,169.500000,170.500000,168.149994,168.500000,155.998016,4382264
2017-06-13,169.100006,169.750000,167.850006,169.100006,156.553482,5988071
2017-06-14,169.199997,170.050003,168.149994,169.500000,156.923798,5698882
2017-06-15,170.050003,170.899994,166.800003,167.149994,154.748154,8396153
2017-06-16,166.500000,167.899994,165.850006,167.149994,154.748154,9457498
2017-06-19,167.500000,167.800003,164.600006,166.050003,153.729782,5175569
2017-06-20,167.000000,170.350006,165.800003,169.100006,156.553482,6212122
2017-06-21,168.199997,168.449997,164.350006,164.800003,152.572525,8411843
2017-06-22,164.800003,165.149994,160.050003,160.449997,148.545288,8856235
2017-06-23,161.199997,161.350006,157.300003,158.100006,146.369644,4803636
2017-06-27,158.949997,160.850006,155.199997,159.949997,148.082367,7105195
2017-06-28,161.050003,161.449997,157.500000,158.100006,146.369644,7419236
2017-06-29,159.800003,160.949997,157.250000,157.850006,146.138184,8800016
2017-06-30,157.800003,158.800003,156.300003,157.300003,145.628998,5746101
2017-07-03,157.399994,159.500000,155.899994,159.100006,147.295456,6622621
2017-07-04,159.500000,161.750000,159.000000,159.899994,148.036072,5371351
2017-07-05,160.399994,163.500000,159.949997,162.800003,150.720917,5605189
2017-07-06,162.800003,163.399994,160.100006,161.699997,149.702515,7115526
2017-07-07,161.500000,162.000000,159.100006,159.600006,147.758347,5247930
2017-07-10,161.250000,163.199997,161.000000,162.399994,150.350571,1376868
2017-07-11,162.550003,163.399994,160.000000,160.250000,148.360107,7988251
2017-07-12,161.050003,165.899994,161.050003,162.850006,150.767197,12966188
2017-07-13,164.100006,164.100006,158.600006,158.899994,147.110275,9072801
2017-07-14,159.500000,160.050003,157.649994,158.350006,146.601105,7114944
2017-07-17,160.000000,160.899994,158.800003,160.050003,148.174957,6649645
2017-07-18,160.500000,162.000000,159.399994,161.699997,149.702515,5319994
2017-07-19,162.050003,163.500000,159.800003,163.000000,150.906082,9814913
2017-07-20,162.199997,167.850006,162.100006,165.850006,153.544617,16154989
2017-07-21,166.449997,166.600006,163.600006,164.350006,152.155914,7090770
2017-07-24,165.000000,165.000000,161.699997,163.250000,151.137527,10394896
2017-07-25,163.500000,163.800003,161.750000,163.300003,151.183807,6521103
2017-07-26,164.250000,164.600006,163.399994,164.000000,151.831879,9143178
2017-07-27,165.000000,165.000000,162.000000,162.899994,150.813492,12361923
2017-07-28,161.600006,165.500000,160.250000,164.750000,152.526245,10303502
2017-07-31,165.000000,170.000000,165.000000,169.399994,156.831223,13899095
2017-08-01,170.250000,170.300003,166.800003,167.399994,154.979599,6705176
2017-08-02,167.500000,167.500000,164.100006,165.399994,153.128006,7743355
2017-08-03,165.000000,166.750000,163.149994,165.699997,153.405746,6902925
2017-08-04,165.500000,167.300003,163.600006,166.399994,154.053802,6316753
2017-08-07,166.000000,167.050003,165.100006,165.899994,153.590897,3289743
2017-08-08,165.949997,166.300003,162.500000,164.000000,151.831879,5981069
2017-08-09,163.800003,166.199997,162.500000,165.699997,153.405746,5908883
2017-08-10,164.500000,165.600006,162.149994,163.699997,151.554153,8412268
2017-08-11,161.550003,162.000000,158.500000,159.649994,147.804626,5471462
2017-08-14,160.300003,162.300003,160.000000,161.699997,149.702515,3892174
2017-08-16,161.699997,161.750000,159.500000,160.949997,149.008179,6213088
2017-08-17,160.850006,161.649994,160.000000,160.600006,148.684158,5184915
2017-08-18,160.100006,161.649994,159.500000,160.899994,148.961884,5559512
2017-08-21,161.449997,164.550003,156.399994,157.149994,145.490112,11137965
2017-08-22,158.000000,160.399994,157.500000,159.449997,147.619461,5611720
2017-08-23,160.399994,160.750000,159.250000,159.699997,147.850922,2344934
2017-08-24,160.399994,160.399994,159.050003,159.449997,147.619461,3724532
2017-08-28,160.399994,161.399994,159.600006,160.600006,148.684158,3680139
2017-08-29,160.000000,160.000000,157.000000,157.250000,145.582703,7756416
2017-08-30,158.399994,159.100006,157.649994,158.399994,146.647354,5219322
2017-08-31,160.600006,160.649994,156.050003,156.949997,145.304962,16715886
2017-09-01,158.000000,160.399994,157.300003,159.949997,148.082367,6511029
2017-09-04,160.399994,162.300003,159.100006,161.800003,149.795105,4859269
2017-09-05,163.000000,163.649994,161.399994,162.800003,150.720917,5823055
2017-09-06,162.399994,163.800003,161.899994,162.300003,150.258026,3791076
2017-09-07,163.199997,163.199997,161.600006,162.300003,150.258026,9101357
2017-09-08,162.399994,163.300003,159.350006,161.850006,149.841400,10505052
2017-09-11,162.300003,163.899994,161.000000,163.050003,150.952362,9449161
2017-09-12,163.100006,163.500000,161.500000,162.300003,150.258026,10536298
2017-09-13,162.100006,162.800003,160.850006,161.050003,149.100769,7006941
2017-09-14,161.500000,162.500000,158.250000,159.350006,147.526901,15371676
2017-09-15,159.500000,167.850006,159.000000,166.750000,154.377838,25453536
2017-09-18,167.050003,167.949997,164.800003,165.199997,152.942856,8383548
2017-09-19,163.800003,166.550003,163.750000,165.899994,153.590897,7052113
2017-09-20,167.000000,170.899994,164.500000,167.699997,155.257370,12062311
2017-09-21,167.699997,168.199997,163.750000,165.899994,154.327087,7198883
2017-09-22,165.300003,165.300003,163.300003,164.449997,152.978256,10308999
2017-09-25,163.899994,165.300003,161.050003,164.800003,153.303848,8935570
2017-09-26,166.100006,172.500000,166.100006,171.399994,159.443420,19866213
2017-09-27,172.050003,173.050003,169.649994,170.199997,158.327148,7437060
2017-09-28,169.250000,173.350006,166.750000,171.550003,159.582993,14120709
2017-09-29,171.800003,174.350006,170.000000,170.949997,159.024811,6418518
2017-10-03,174.000000,174.050003,170.000000,170.649994,158.745758,5604933
2017-10-04,170.750000,172.800003,170.100006,172.100006,160.094620,5087199
2017-10-05,172.699997,172.699997,170.800003,171.199997,159.257401,3767993
2017-10-06,171.800003,174.699997,171.500000,173.850006,161.722534,6144349
2017-10-09,173.399994,173.449997,170.399994,170.699997,158.792267,2981922
2017-10-10,171.000000,172.149994,169.100006,170.350006,158.466690,3112910
2017-10-11,171.399994,172.149994,168.000000,169.149994,157.350388,4202871
2017-10-12,169.699997,170.600006,167.750000,169.699997,157.862015,4877955
2017-10-13,169.149994,170.350006,168.300003,169.649994,157.815506,5190805
2017-10-16,170.449997,172.899994,170.050003,172.050003,160.048111,5054731
2017-10-17,171.149994,172.000000,170.000000,171.199997,159.257401,6819547
2017-10-18,171.000000,174.949997,170.500000,174.449997,162.280685,7869107
2017-10-19,175.000000,175.500000,171.300003,172.050003,160.048111,1215089
2017-10-23,172.899994,173.399994,170.550003,171.699997,159.722519,4126469
2017-10-24,171.500000,177.250000,171.050003,176.000000,163.722565,10817861
2017-10-25,177.949997,178.300003,175.550003,176.850006,164.513260,6103342
2017-10-26,176.449997,180.000000,175.899994,177.350006,164.978378,15326252
2017-10-27,177.899994,184.899994,177.199997,184.000000,171.164505,9866477
2017-10-30,188.000000,191.350006,186.000000,186.600006,173.583130,16606395
2017-10-31,186.399994,192.000000,184.600006,191.100006,177.769226,10698129
2017-11-01,192.000000,193.199997,190.100006,191.000000,177.676193,5341109
2017-11-02,191.000000,192.199997,187.550003,188.000000,174.885452,4024181
2017-11-03,187.149994,192.399994,186.000000,191.850006,181.360962,7942915
2017-11-06,192.850006,200.449997,191.100006,199.250000,188.356369,16363370
2017-11-07,202.500000,205.500000,192.899994,193.800003,183.204330,20559837
2017-11-08,195.000000,195.699997,191.000000,192.550003,182.022690,6275377
2017-11-09,193.949997,195.000000,185.850006,189.600006,179.233963,7527346
2017-11-10,190.000000,192.649994,188.350006,191.100006,180.651962,6035746
2017-11-13,189.949997,190.300003,183.550003,184.199997,174.129196,6894203
2017-11-14,184.899994,185.100006,181.350006,182.000000,172.049484,4663077
2017-11-15,180.600006,181.399994,175.800003,177.550003,167.842773,7701984
2017-11-16,182.500000,182.649994,177.100006,179.149994,169.355286,7245718
2017-11-17,182.399994,183.500000,177.199997,177.600006,167.890045,6851616
2017-11-20,178.699997,180.449997,177.699997,180.000000,170.158829,4004561
2017-11-21,180.899994,182.000000,178.199997,180.899994,171.009613,5170506
2017-11-22,181.199997,182.750000,180.000000,181.300003,171.387756,3217008
2017-11-23,181.899994,182.750000,180.500000,181.699997,171.765869,3511238
2017-11-24,182.500000,182.600006,180.399994,181.000000,171.104141,2358579
2017-11-27,182.350006,184.449997,181.550003,184.050003,173.987396,6930971
2017-11-28,183.300003,183.699997,180.000000,181.250000,171.340485,10710188
2017-11-29,181.000000,184.250000,181.000000,182.449997,172.474869,5407391
2017-11-30,181.000000,182.000000,179.449997,180.649994,170.773285,9645385
2017-12-01,182.000000,183.100006,179.000000,179.649994,169.827957,3451636
2017-12-04,181.250000,183.800003,180.850006,181.600006,171.671356,6347567
2017-12-05,180.100006,180.699997,177.300003,178.399994,168.646301,4550575
2017-12-06,178.399994,179.199997,175.399994,175.850006,166.235718,4194219
2017-12-07,175.550003,177.350006,175.350006,177.050003,167.370117,4373514
2017-12-08,177.500000,181.399994,177.449997,180.250000,170.395157,4832733
2017-12-11,181.949997,181.949997,177.699997,178.899994,169.118973,2310668
2017-12-12,180.399994,184.199997,180.199997,183.300003,173.278412,6983526
2017-12-13,183.699997,187.000000,183.100006,183.899994,173.845596,11488267
2017-12-14,185.949997,186.699997,182.399994,184.350006,174.270996,5885128
2017-12-15,185.149994,186.100006,182.300003,183.000000,172.994812,7297568
2017-12-18,183.000000,183.899994,177.000000,183.050003,173.042068,4785160
2017-12-19,183.050003,186.000000,183.000000,185.199997,175.074509,4240135
2017-12-20,190.699997,191.100006,187.500000,188.000000,177.721451,8877376
2017-12-21,188.899994,189.600006,187.100006,188.000000,177.721451,3893100
2017-12-22,188.699997,193.800003,187.750000,193.399994,182.826187,8914713
2017-12-26,194.850006,197.149994,192.699997,193.699997,183.109802,11345494
2017-12-27,195.300003,196.000000,191.350006,192.600006,182.069946,7260402
2017-12-28,193.149994,194.399994,192.050003,193.000000,182.448074,12772109
2017-12-29,194.000000,195.899994,192.500000,195.199997,184.527802,5899591
2018-01-01,195.199997,195.699997,192.000000,192.350006,181.833618,5899565
2018-01-02,195.750000,197.500000,195.000000,196.850006,186.087585,12878378
2018-01-03,197.399994,197.399994,193.000000,193.449997,182.873474,8032715
2018-01-04,195.300003,200.000000,195.199997,199.500000,188.592697,12740860
2018-01-05,200.949997,200.949997,196.300003,198.449997,187.600098,6812787
2018-01-08,198.000000,199.899994,196.699997,197.399994,186.607498,4858711
2018-01-09,198.500000,199.000000,196.500000,197.000000,186.229370,4598757
2018-01-10,198.300003,200.000000,197.250000,197.899994,187.080170,7673209
2018-01-11,198.000000,199.699997,197.000000,197.899994,187.080170,5701402
2018-01-12,198.899994,201.949997,197.649994,200.750000,189.774353,9291346
2018-01-15,199.500000,200.350006,196.000000,196.600006,185.851257,4500523
2018-01-16,197.600006,198.250000,195.000000,197.199997,186.418442,5778244
2018-01-17,196.300003,198.649994,194.100006,195.699997,185.000443,6306388
2018-01-18,196.399994,197.500000,193.250000,194.100006,183.487930,6247782
2018-01-19,194.149994,196.149994,192.000000,193.699997,183.109802,5046015
2018-01-22,198.000000,205.949997,198.000000,200.699997,189.727097,23165754
2018-01-23,202.000000,208.699997,200.399994,207.350006,196.013519,15755015
2018-01-24,209.199997,212.000000,208.000000,210.850006,199.322159,16132441
2018-01-25,212.399994,212.850006,207.100006,208.500000,197.100632,10247173
2018-01-29,208.000000,208.449997,204.250000,205.149994,193.933792,7620080
2018-01-30,203.850006,208.000000,203.500000,204.800003,193.602936,7323876
2018-01-31,203.000000,204.600006,198.800003,203.449997,192.326721,11990243
2018-02-01,204.050003,207.050003,194.000000,194.899994,184.244186,10015459
2018-02-02,194.000000,197.750000,188.000000,192.699997,182.164474,12239774
2018-02-05,192.399994,192.449997,188.000000,188.750000,178.430435,7607002
2018-02-06,182.000000,187.000000,180.100006,185.449997,175.310852,5935676
2018-02-07,188.050003,191.500000,187.000000,190.000000,179.612091,8644010
2018-02-08,190.000000,191.600006,188.000000,188.699997,178.383179,4540513
2018-02-09,187.399994,190.199997,184.600006,187.350006,177.106979,7314145
2018-02-12,192.000000,194.500000,190.350006,191.000000,180.557419,14960914
2018-02-14,191.000000,192.000000,184.300003,185.750000,175.594452,4960527
2018-02-15,187.100006,189.000000,185.000000,188.300003,178.005035,5046557
2018-02-16,187.600006,189.300003,186.500000,186.899994,176.681564,4167034
2018-02-19,187.399994,187.399994,181.850006,185.300003,175.169052,4265576
2018-02-20,185.800003,188.500000,184.800003,187.000000,176.776123,5328584
2018-02-21,188.000000,190.800003,184.699997,190.149994,179.753891,4651807
2018-02-22,187.500000,188.399994,185.250000,186.100006,175.925323,8629189
2018-02-23,187.050003,190.850006,186.500000,189.800003,179.423019,4880302
2018-02-26,190.350006,191.949997,189.500000,190.350006,179.942963,2721955
2018-02-27,191.000000,194.350006,186.100006,188.500000,178.194092,6611097
2018-02-28,187.699997,190.199997,186.300003,188.300003,178.005035,6147245
2018-03-01,187.899994,190.199997,187.350006,189.699997,179.328491,3450224
2018-03-05,189.000000,189.399994,184.199997,185.550003,175.405396,5082390
2018-03-06,186.500000,186.899994,184.500000,185.399994,175.263596,2906142
2018-03-07,185.000000,185.250000,178.800003,181.500000,171.576828,4482279
2018-03-08,182.000000,182.699997,179.399994,180.149994,170.300629,3288627
2018-03-09,180.300003,182.949997,179.500000,179.899994,170.064285,2053847
2018-03-12,180.899994,184.300003,179.000000,183.850006,173.798325,4161129
2018-03-13,182.399994,184.199997,181.550003,183.600006,175.712418,2457755
2018-03-14,182.800003,184.100006,179.750000,180.600006,172.841309,4846612
2018-03-15,181.100006,181.399994,178.750000,180.300003,172.554184,5145739
2018-03-16,180.300003,180.449997,176.100006,177.149994,169.539505,8194541
2018-03-19,177.699997,178.399994,176.149994,176.850006,169.252396,5782668
2018-03-20,176.399994,177.750000,173.600006,174.100006,166.620560,3020586
2018-03-21,175.699997,177.300003,173.649994,175.550003,168.008255,4055822
2018-03-22,177.000000,181.699997,176.550003,178.899994,171.214325,8348549
2018-03-23,176.199997,179.550003,176.149994,177.399994,169.778778,6884971
2018-03-26,179.449997,179.449997,176.000000,178.899994,171.214325,4169998
2018-03-27,180.550003,181.100006,177.250000,179.600006,171.884262,3823981
2018-03-28,178.500000,179.000000,176.100006,177.800003,170.161591,6229049
2018-04-02,179.100006,180.899994,178.399994,179.949997,172.219208,2235832
2018-04-03,177.699997,179.199997,176.399994,177.500000,169.874481,3552271
2018-04-04,178.500000,178.500000,174.699997,175.399994,167.864685,3353172
2018-04-05,176.500000,177.899994,175.449997,177.449997,169.826614,5375271
2018-04-06,179.350006,179.350006,176.399994,176.949997,169.348114,3633964
2018-04-09,177.100006,179.149994,176.300003,178.399994,170.735809,4046065
2018-04-10,179.399994,180.600006,178.199997,180.199997,172.458481,5180326
2018-04-11,181.500000,185.399994,180.350006,182.149994,174.324707,11607043
2018-04-12,183.149994,184.000000,181.000000,181.750000,173.941895,4277125
2018-04-13,181.800003,183.500000,181.100006,182.500000,174.659668,3050131
2018-04-16,182.199997,182.350006,179.800003,181.500000,173.702637,2308502
2018-04-17,181.750000,182.100006,179.300003,180.800003,173.032715,2721706
2018-04-18,181.050003,182.949997,181.000000,182.100006,174.276855,3279393
2018-04-19,183.250000,186.250000,181.750000,183.949997,176.047379,5004280
2018-04-20,185.000000,185.000000,181.100006,182.350006,174.516113,1618027
2018-04-23,183.399994,183.750000,179.399994,181.050003,173.271973,3930421
2018-04-24,182.100006,183.050003,181.500000,182.649994,174.803223,4080212
2018-04-25,181.600006,182.449997,178.699997,179.449997,171.740707,3629856
2018-04-26,179.449997,181.800003,177.300003,180.800003,173.032715,6742459
2018-04-27,180.949997,183.000000,179.550003,180.699997,172.936996,4687951
2018-04-30,178.500000,181.949997,178.300003,180.550003,172.793442,3335191
2018-05-02,181.500000,181.500000,179.250000,180.050003,172.314926,4157973
2018-05-03,179.949997,182.350006,179.699997,181.100006,173.319824,2796713
2018-05-04,181.800003,185.149994,179.550003,180.250000,172.506332,5325720
2018-05-07,181.250000,184.500000,180.800003,183.899994,175.999527,4799480
2018-05-08,184.850006,186.149994,179.449997,183.100006,175.233902,5730645
2018-05-09,184.399994,185.750000,182.199997,182.850006,174.994644,3075560
2018-05-10,184.449997,189.350006,183.500000,188.250000,180.162659,10328901
2018-05-11,188.550003,189.000000,186.300003,187.500000,179.444870,4926216
2018-05-14,187.500000,188.500000,184.850006,187.250000,179.205597,3255344
2018-05-15,189.000000,192.000000,184.199997,189.000000,180.880432,5877427
2018-05-16,188.949997,188.949997,175.800003,186.199997,178.200714,8348946
2018-05-17,185.949997,189.399994,184.949997,188.600006,180.497620,4519306
2018-05-18,189.000000,191.750000,184.600006,185.050003,177.100128,4488003
2018-05-21,186.449997,188.649994,185.199997,185.750000,177.770065,3380355
2018-05-22,186.199997,188.500000,184.000000,185.199997,177.243668,3796268
2018-05-23,183.899994,185.350006,174.300003,175.399994,167.864685,5590802
2018-05-24,175.600006,176.100006,155.149994,167.699997,160.495499,34819270
2018-05-25,166.000000,176.199997,162.850006,175.449997,167.912552,12361678
2018-05-28,175.000000,178.800003,173.699997,175.600006,168.056107,8087040
2018-05-29,176.199997,177.399994,173.250000,175.550003,168.008255,11015160
2018-05-30,175.399994,178.500000,172.699997,174.000000,166.524826,12554659
2018-05-31,177.699997,180.350006,175.050003,177.899994,170.257278,23822373
2018-06-01,176.000000,176.000000,170.600006,173.199997,165.759201,9847581
2018-06-04,175.399994,175.399994,170.399994,171.100006,163.749435,5294603
2018-06-05,170.500000,172.300003,169.199997,171.199997,163.845123,5918946
2018-06-06,171.250000,172.250000,169.800003,170.300003,162.983795,3331408
2018-06-07,170.100006,173.750000,170.100006,172.649994,165.232819,5086661
2018-06-08,174.000000,174.899994,172.100006,173.699997,166.237717,4323567
2018-06-11,174.050003,174.300003,172.500000,173.300003,165.854919,3192749
2018-06-12,172.850006,175.600006,170.800003,171.399994,164.036530,4564556
2018-06-13,170.800003,172.000000,168.600006,170.000000,162.696686,5321172
2018-06-14,169.500000,170.800003,167.000000,168.500000,161.261124,4188442
2018-06-15,166.399994,168.300003,164.550003,165.449997,158.342148,7589493
2018-06-18,164.899994,167.399994,163.250000,164.600006,157.528671,4390244
2018-06-19,165.399994,166.800003,163.500000,164.800003,157.720078,4413184
2018-06-20,165.000000,165.000000,162.149994,162.750000,155.758148,5768211
2018-06-21,163.699997,163.699997,158.250000,159.699997,152.839172,12638114
2018-06-22,160.649994,160.649994,158.649994,159.550003,152.695618,5371207
2018-06-25,160.350006,160.699997,156.100006,156.649994,149.920197,5899032
2018-06-26,156.399994,158.899994,156.050003,158.300003,151.499329,5960446
2018-06-27,158.350006,158.850006,154.449997,156.250000,149.537384,7034207
2018-06-28,156.300003,158.600006,151.800003,153.500000,146.905533,17670403
2018-06-29,155.149994,159.350006,154.149994,158.399994,151.595016,7079407
2018-07-02,157.850006,158.000000,153.500000,155.500000,148.819611,9196529
2018-07-03,155.050003,161.600006,154.699997,157.699997,150.925095,12087830
2018-07-04,157.800003,158.000000,155.050003,156.000000,149.298126,5194030
2018-07-05,156.000000,157.600006,154.199997,156.399994,149.680939,6807718
2018-07-06,156.899994,157.350006,155.250000,155.449997,148.771759,3633191
2018-07-09,156.000000,158.399994,155.199997,157.399994,150.637985,4379183
2018-07-10,158.500000,159.800003,157.350006,157.949997,151.164352,5276248
2018-07-11,158.000000,158.750000,156.500000,158.100006,151.307922,6653936
2018-07-12,159.600006,160.199997,154.750000,158.949997,152.121384,8165181
2018-07-13,159.050003,159.050003,153.600006,154.100006,147.479767,3523600
2018-07-16,155.699997,156.149994,153.050003,153.800003,147.192642,3680440
2018-07-17,153.250000,156.850006,152.449997,156.149994,149.441681,3952416
2018-07-18,156.899994,164.800003,156.850006,160.300003,153.413391,16571981
2018-07-19,162.699997,165.199997,160.800003,161.750000,154.801117,8472466
2018-07-20,161.750000,162.000000,156.600006,157.949997,151.164352,5475594
2018-07-23,158.050003,158.750000,154.800003,156.550003,149.824493,4553137
2018-07-24,157.199997,158.199997,155.850006,157.199997,150.446579,3943002
2018-07-25,157.750000,160.750000,157.250000,159.050003,152.217102,4063454
2018-07-26,159.199997,164.000000,158.199997,162.550003,155.566742,8778489
2018-07-27,162.500000,162.800003,160.149994,161.300003,154.370453,3542015
2018-07-30,161.449997,166.449997,161.149994,164.100006,157.050156,9599714
2018-07-31,165.800003,166.750000,163.000000,165.699997,158.581406,6815180
2018-08-01,165.250000,168.750000,165.149994,167.199997,160.016968,4618179
2018-08-02,169.399994,170.800003,165.250000,166.399994,159.251328,7825776
2018-08-03,170.399994,171.000000,166.199997,166.800003,159.634171,12172870
2018-08-06,167.100006,169.699997,166.800003,169.250000,161.978897,5159560
2018-08-07,170.000000,170.000000,166.550003,167.550003,160.351944,4300164
2018-08-08,167.600006,172.899994,167.600006,172.500000,165.089279,7991348
2018-08-09,172.550003,172.899994,168.350006,168.899994,161.643936,4437178
2018-08-10,169.399994,170.899994,168.149994,169.250000,161.978897,4341382
2018-08-13,168.899994,168.899994,165.500000,166.050003,158.916382,3731211
2018-08-14,166.350006,167.000000,164.850006,166.250000,159.107773,3791016
2018-08-16,165.899994,166.600006,163.850006,164.449997,157.385101,4184404
2018-08-17,164.500000,165.000000,162.500000,163.050003,156.045258,4754545
2018-08-20,164.000000,169.899994,164.000000,168.699997,161.452530,9674107
2018-08-21,169.800003,171.250000,166.800003,170.199997,162.888092,5181397
2018-08-23,171.000000,172.500000,168.899994,171.899994,164.515045,6635245
2018-08-24,171.000000,176.500000,170.800003,174.750000,167.242615,9867693
2018-08-27,175.449997,176.899994,175.000000,176.050003,168.486771,3612496
2018-08-28,176.199997,178.500000,173.250000,174.600006,167.099060,5439278
2018-08-29,175.000000,178.699997,174.100006,177.000000,169.395950,6288920
2018-08-30,176.899994,181.899994,176.149994,177.449997,169.826614,11296260
2018-08-31,178.750000,181.250000,177.750000,180.050003,172.314926,8916222
2018-09-03,180.750000,180.750000,176.649994,177.300003,169.683075,3168480
2018-09-04,177.750000,178.149994,173.600006,174.350006,166.859802,2874936
2018-09-05,174.149994,175.000000,170.750000,173.699997,166.237717,3735722
2018-09-06,174.000000,176.149994,170.600006,174.500000,167.003357,6809374
2018-09-07,175.000000,175.000000,171.100006,171.899994,164.515045,5309239
2018-09-10,170.500000,171.300003,168.100006,168.649994,161.404663,5569685
2018-09-11,168.699997,170.000000,167.399994,167.800003,160.591202,8750333
2018-09-12,166.199997,170.800003,166.199997,168.500000,161.261124,5610743
2018-09-14,169.500000,173.300003,168.399994,172.550003,165.137131,4720460
2018-09-17,171.100006,173.550003,170.649994,171.699997,164.323654,4012086
2018-09-18,172.350006,174.600006,171.750000,173.899994,166.429123,6426239
2018-09-19,173.250000,178.699997,173.250000,177.000000,170.721283,10038603
2018-09-21,177.300003,181.550003,176.699997,180.399994,174.000671,9298030
2018-09-24,181.000000,185.399994,179.300003,180.600006,174.193588,13799885
2018-09-25,181.949997,184.649994,179.399994,182.300003,175.833282,8363857
2018-09-26,184.800003,184.800003,178.949997,180.600006,174.193588,6680285
2018-09-27,181.100006,181.750000,175.050003,175.800003,169.563858,7853039
2018-09-28,177.000000,181.000000,172.350006,177.199997,170.914185,8598293
2018-10-01,179.300003,181.100006,174.649994,179.000000,172.650330,4582462
2018-10-03,177.899994,183.500000,177.899994,181.449997,175.013428,8893914
2018-10-04,180.500000,182.550003,163.350006,172.399994,166.284454,7866152
2018-10-05,160.050003,160.050003,145.600006,147.050003,141.833694,35255036
2018-10-08,149.000000,150.850006,144.699997,149.800003,144.486145,11709162
2018-10-09,150.500000,151.899994,145.449997,146.649994,141.447876,6818577
2018-10-10,146.100006,151.449997,146.100006,148.600006,143.328720,10873198
2018-10-11,146.100006,159.600006,146.100006,152.949997,147.524399,15633772
2018-10-12,154.699997,158.350006,154.050003,157.399994,151.816544,6089606
2018-10-15,158.949997,160.899994,156.649994,160.149994,154.468994,4679911
2018-10-16,161.949997,167.199997,161.100006,165.600006,159.725677,8912396
2018-10-17,166.600006,167.300003,160.550003,162.100006,156.349838,5347724
2018-10-19,162.500000,163.750000,157.000000,160.449997,154.758362,7258192
2018-10-22,161.000000,161.800003,155.250000,155.949997,150.417984,5476435
2018-10-23,155.350006,157.399994,150.899994,155.399994,149.887497,8239765
2018-10-24,157.949997,159.699997,153.600006,157.750000,152.154129,8342857
2018-10-25,157.000000,162.800003,153.050003,155.350006,149.839279,32100452
2018-10-26,156.000000,156.800003,149.649994,151.800003,146.415207,9427229
2018-10-29,152.500000,155.750000,150.600006,154.899994,149.405228,5954637
2018-10-30,155.000000,155.000000,152.100006,152.949997,147.524399,4156028
2018-10-31,154.000000,155.000000,151.399994,153.250000,147.813766,7562821
2018-11-01,155.500000,155.800003,153.350006,154.250000,148.778290,5220182
2018-11-02,155.500000,158.449997,155.100006,157.350006,151.768326,7789972
2018-11-05,165.000000,165.000000,154.199997,154.949997,149.453461,15261029
2018-11-06,155.949997,158.199997,153.800003,156.050003,150.514450,7749980
2018-11-07,157.550003,157.850006,156.600006,157.000000,151.430740,491522
2018-11-09,158.000000,158.000000,155.149994,156.399994,150.852020,6478458
2018-11-12,156.949997,158.399994,155.350006,156.050003,150.514450,4686739
2018-11-13,156.050003,158.000000,155.699997,156.500000,150.948471,5499274
2018-11-14,157.699997,163.899994,157.250000,161.000000,155.288849,15008061
2018-11-15,161.399994,162.000000,158.100006,158.850006,153.215118,3468318
2018-11-16,158.000000,158.000000,152.800003,156.350006,150.803802,7515249
2018-11-19,156.000000,156.500000,153.100006,154.550003,149.067657,4614296
2018-11-20,154.550003,155.800003,152.649994,153.100006,147.669098,5480470
2018-11-21,155.000000,155.500000,151.300003,151.750000,146.366974,4573137
2018-11-22,152.500000,154.300003,151.649994,152.250000,146.849243,4477092
2018-11-26,153.000000,153.600006,145.100006,146.600006,141.399658,8093330
2018-11-27,147.399994,147.850006,144.250000,146.100006,140.917404,9231112
2018-11-28,146.800003,148.199997,142.050003,142.800003,137.734467,14201939
2018-11-29,143.899994,143.899994,137.649994,140.600006,135.612503,28991042
2018-11-30,141.600006,143.699997,138.500000,140.300003,135.323135,23675557
2018-12-03,140.949997,143.000000,140.199997,142.500000,137.445099,8371191
2018-12-04,142.600006,147.949997,142.399994,146.149994,140.965622,9753442
2018-12-05,145.949997,148.100006,142.399994,143.699997,138.602524,9774733
2018-12-06,142.600006,142.600006,138.500000,140.149994,135.178452,5771659
2018-12-07,140.199997,141.449997,138.050003,139.399994,134.455063,10571838
2018-12-10,138.500000,141.250000,135.149994,137.100006,132.236664,33096556
2018-12-11,136.000000,138.949997,134.750000,138.100006,133.201187,14884397
2018-12-12,139.500000,142.500000,138.850006,141.699997,136.673477,14020937
2018-12-13,143.000000,144.199997,141.500000,143.300003,138.216721,11251819
2018-12-14,143.000000,150.399994,140.600006,146.850006,141.640793,23355616
2018-12-17,148.000000,149.899994,146.100006,148.250000,142.991135,12767531
2018-12-18,147.899994,148.949997,146.300003,147.600006,142.364197,10474177
2018-12-19,147.500000,148.800003,147.300003,148.250000,142.991135,7008346
2018-12-20,147.949997,150.750000,147.399994,148.600006,143.328720,21204077
2018-12-21,149.000000,149.300003,147.600006,148.500000,143.232254,17767999
2018-12-24,148.500000,149.699997,147.300003,147.899994,142.653534,8200455
2018-12-26,148.100006,149.449997,145.750000,146.600006,141.399658,9247671
2018-12-27,147.350006,151.399994,146.000000,149.699997,144.389694,44356763
2018-12-28,148.199997,151.500000,148.000000,150.500000,145.161316,10732729
2018-12-31,150.149994,150.800003,149.100006,149.899994,144.582596,5778308
2019-01-01,150.000000,150.100006,148.000000,148.500000,143.232254,4496586
2019-01-02,148.000000,148.350006,145.750000,147.050003,141.833694,17436694
2019-01-03,145.000000,145.649994,141.600006,142.399994,137.348648,26599483
2019-01-04,142.050003,146.199997,142.050003,145.699997,140.531586,7395898
2019-01-07,147.550003,148.399994,145.750000,147.850006,142.605331,12700566
2019-01-08,149.100006,149.100006,146.300003,147.449997,142.219498,6163846
2019-01-09,147.899994,148.199997,144.850006,145.300003,140.145782,4951441
2019-01-10,145.899994,147.000000,143.000000,143.250000,138.168488,7131028
2019-01-11,144.000000,145.500000,143.649994,144.649994,139.518829,7665486
2019-01-14,145.000000,145.199997,142.500000,143.449997,138.361389,6028078
2019-01-15,144.699997,145.500000,144.050003,145.149994,140.001083,3680774
2019-01-16,145.199997,147.250000,145.199997,146.350006,141.158539,3667241
2019-01-17,146.500000,147.449997,144.449997,145.000000,139.856415,5142302
2019-01-18,145.100006,147.699997,145.100006,146.750000,141.544342,4904282
2019-01-21,147.000000,147.199997,144.100006,144.699997,139.567062,4087312
2019-01-22,145.500000,146.000000,144.050003,144.350006,139.229477,4113351
2019-01-23,144.699997,145.550003,143.000000,143.300003,138.216721,4946218
2019-01-24,143.399994,143.949997,141.050003,141.699997,136.673477,3820645
2019-01-25,142.100006,144.449997,141.649994,142.000000,136.962830,3871762
2019-01-28,142.500000,142.949997,139.649994,141.649994,136.625244,2910523
2019-01-29,142.300003,143.699997,140.100006,141.050003,136.046539,7282910
2019-01-30,141.449997,141.500000,138.500000,139.699997,134.744415,8511453
2019-01-31,140.199997,142.800003,139.250000,141.250000,136.239441,28107358
2019-02-01,141.000000,143.300003,139.800003,141.800003,136.769928,5260578
2019-02-04,142.500000,147.449997,142.449997,146.250000,141.062073,9532350
2019-02-05,146.000000,148.199997,142.300003,142.949997,137.879135,5410415
2019-02-06,143.399994,147.750000,142.500000,146.699997,141.496109,5075180
2019-02-07,146.899994,148.300003,145.500000,147.899994,142.653534,6080631
2019-02-08,146.300003,148.300003,143.149994,144.149994,139.036560,4510762
2019-02-11,143.250000,143.649994,137.100006,138.199997,133.297623,6424512
2019-02-12,138.500000,140.949997,136.550003,137.449997,132.574234,6816203
2019-02-14,133.500000,134.199997,127.599998,132.149994,127.462242,25346334
2019-02-15,138.000000,140.899994,133.399994,135.000000,130.211151,37975666
2019-02-18,136.800003,138.899994,135.800003,137.100006,132.236664,10614715
2019-02-19,137.199997,140.350006,137.199997,139.149994,134.213928,9077045
2019-02-20,141.600006,145.350006,140.000000,144.050003,138.940125,14236359
2019-02-21,145.000000,148.600006,144.199997,146.949997,141.737244,13876243
2019-02-22,148.600006,150.500000,147.100006,148.600006,143.328720,18273813
2019-02-25,149.000000,149.350006,145.699997,147.750000,142.508865,20216077
2019-02-26,147.500000,149.199997,146.000000,147.500000,142.267731,12458860
2019-02-27,148.750000,149.750000,146.500000,148.000000,142.750000,11868751
2019-02-28,144.399994,150.750000,143.100006,148.649994,148.649994,48854712
2019-03-01,149.899994,150.199997,147.850006,149.100006,149.100006,9764801
2019-03-05,148.750000,155.649994,147.850006,155.000000,155.000000,11194669
2019-03-06,155.100006,157.000000,152.800003,154.800003,154.800003,15648948
2019-03-07,154.800003,155.500000,151.500000,152.050003,152.050003,30210637
2019-03-08,152.100006,152.600006,147.000000,150.399994,150.399994,17986042
2019-03-11,151.550003,154.300003,151.100006,153.000000,153.000000,15880368
2019-03-12,154.000000,155.600006,151.100006,151.850006,151.850006,10818012
2019-03-13,151.250000,151.250000,145.699997,149.750000,149.750000,21001041
