Date,Open,High,Low,Close,Adj Close,Volume
2016-03-16,359.950012,362.750000,353.299988,359.549988,359.404419,7554537
2016-03-17,366.899994,367.399994,358.600006,360.899994,360.753876,6914296
2016-03-18,362.500000,367.799988,362.500000,366.049988,365.901794,6594019
2016-03-21,367.250000,375.500000,365.750000,374.700012,374.548309,9325793
2016-03-22,376.950012,381.500000,370.399994,377.200012,377.047302,8909026
2016-03-23,378.000000,379.450012,374.049988,377.000000,376.847382,5766182
2016-03-28,375.500000,375.500000,361.500000,363.299988,363.152924,8062793
2016-03-29,364.000000,378.950012,363.049988,372.450012,372.299225,9364810
2016-03-30,380.500000,391.500000,376.799988,388.600006,388.442688,10295891
2016-03-31,387.899994,393.600006,380.500000,386.600006,386.443512,10738707
2016-04-01,386.399994,386.399994,377.700012,379.649994,379.496307,5683771
2016-04-04,385.950012,391.000000,382.399994,388.399994,388.242767,6011729
2016-04-05,386.000000,386.000000,369.000000,370.500000,370.350006,6058241
2016-04-06,373.700012,382.399994,372.049988,376.700012,376.547516,7323269
2016-04-07,375.950012,384.799988,370.299988,375.200012,375.048126,8724110
2016-04-08,375.500000,380.049988,370.500000,371.450012,371.299622,4860484
2016-04-11,373.950012,387.799988,373.899994,386.649994,386.493469,6827449
2016-04-12,387.950012,397.399994,387.149994,395.799988,395.639740,7702684
2016-04-13,400.000000,411.750000,398.149994,408.750000,408.584534,12373115
2016-04-18,407.649994,409.899994,402.500000,407.350006,407.185089,5571076
2016-04-20,407.000000,410.350006,400.649994,404.100006,403.936401,7589901
2016-04-21,408.700012,417.200012,406.000000,411.500000,411.333405,9211869
2016-04-22,412.100006,420.500000,408.000000,417.000000,416.831177,5995998
2016-04-25,417.600006,417.600006,410.000000,412.200012,412.033142,3272996
2016-04-26,408.649994,423.649994,405.049988,419.049988,418.880341,6998505
2016-04-27,418.950012,425.250000,414.649994,418.549988,418.380554,6227941
2016-04-28,418.799988,420.950012,409.700012,411.350006,411.183472,7546101
2016-04-29,410.000000,413.700012,403.049988,408.350006,408.184692,6251095
2016-05-02,407.950012,410.450012,402.500000,407.700012,407.534973,4178821
2016-05-03,410.899994,422.000000,407.799988,409.649994,409.484161,9620804
2016-05-04,405.500000,405.500000,380.100006,381.799988,381.645416,12069134
2016-05-05,384.000000,396.049988,383.149994,391.149994,390.991638,9601341
2016-05-06,388.600006,400.899994,384.500000,398.700012,398.538605,9953672
2016-05-09,400.350006,405.200012,395.149994,403.350006,403.186707,8700283
2016-05-10,400.799988,400.799988,387.149994,388.950012,388.792542,9166453
2016-05-11,384.799988,391.950012,376.100006,379.850006,379.696228,11595875
2016-05-12,379.000000,388.600006,379.000000,387.049988,386.893311,6506343
2016-05-13,391.250000,394.000000,385.500000,389.950012,389.792145,14027896
2016-05-16,393.799988,396.700012,389.000000,392.700012,392.541046,8248193
2016-05-17,392.600006,395.000000,386.600006,389.700012,389.542236,9425555
2016-05-18,383.500000,387.350006,381.600006,384.850006,384.694214,8589315
2016-05-19,386.250000,393.299988,381.950012,386.899994,386.743378,10988676
2016-05-20,386.700012,392.700012,383.500000,384.450012,384.294373,6537509
2016-05-23,388.549988,389.950012,380.100006,381.750000,381.595459,8153090
2016-05-24,383.799988,391.750000,382.649994,389.100006,388.942474,10568106
2016-05-25,394.000000,399.950012,394.000000,397.000000,396.839294,8897382
2016-05-26,400.500000,402.000000,396.750000,399.250000,399.088379,8469732
2016-05-27,400.000000,405.000000,396.000000,403.899994,403.736481,9035525
2016-05-30,404.799988,423.600006,401.299988,421.250000,421.079468,15767133
2016-05-31,456.000000,464.899994,445.000000,459.649994,459.463898,110744326
2016-06-01,455.750000,458.299988,445.000000,449.200012,449.018158,10389215
2016-06-02,444.100006,460.500000,444.100006,453.450012,453.266449,13674434
2016-06-03,458.049988,461.799988,452.500000,453.950012,453.766235,11672544
2016-06-06,457.799988,465.000000,450.200012,460.500000,460.313568,9356808
2016-06-07,466.450012,466.450012,459.000000,463.049988,462.862518,12568902
2016-06-08,465.500000,468.799988,463.200012,466.149994,465.961273,10467158
2016-06-09,469.450012,470.250000,465.000000,467.149994,466.960876,8525017
2016-06-10,466.750000,466.750000,454.500000,456.950012,456.765015,7039858
2016-06-13,451.000000,451.399994,436.700012,444.250000,444.070160,9507282
2016-06-14,446.899994,453.850006,441.149994,448.399994,448.218475,9615226
2016-06-15,449.899994,453.000000,447.250000,452.100006,451.916992,5704865
2016-06-16,449.700012,455.500000,446.049988,454.350006,454.166077,7255454
2016-06-17,461.000000,465.750000,457.299988,464.399994,464.211975,7836702
2016-06-20,464.750000,484.200012,460.250000,482.049988,481.854828,9261350
2016-06-21,484.000000,486.200012,477.600006,484.899994,484.703674,8907801
2016-06-22,483.049988,484.799988,468.049988,472.700012,472.508636,7660165
2016-06-23,476.100006,489.899994,476.100006,487.950012,487.752472,9628216
2016-06-24,439.200012,453.750000,421.250000,449.399994,449.218048,40998600
2016-06-27,451.799988,457.250000,443.600006,448.950012,448.768250,12450283
2016-06-28,448.000000,448.000000,433.000000,440.399994,440.221710,10190394
2016-06-29,447.100006,449.799988,445.399994,447.250000,447.068939,6285461
2016-06-30,454.299988,462.250000,451.549988,459.250000,459.064087,13214064
2016-07-01,463.600006,464.750000,454.700012,457.899994,457.714630,7027759
2016-07-04,467.000000,474.850006,467.000000,469.500000,469.309937,8413087
2016-07-05,468.500000,469.000000,459.500000,460.899994,460.713409,4934087
2016-07-07,460.950012,465.450012,454.100006,455.149994,454.965729,6580663
2016-07-08,464.299988,468.200012,462.649994,466.299988,466.111206,9263727
2016-07-11,472.100006,486.799988,472.100006,484.600006,484.403809,10477166
2016-07-12,486.000000,488.649994,481.100006,484.299988,484.103912,6767972
2016-07-13,485.950012,488.100006,477.950012,481.100006,480.905243,5855718
2016-07-14,480.100006,489.299988,478.950012,486.100006,485.903229,5983007
2016-07-15,480.000000,501.700012,479.649994,494.000000,493.800018,8889558
2016-07-18,495.000000,505.000000,490.000000,492.649994,492.649994,7463954
2016-07-19,493.899994,503.500000,493.450012,499.250000,499.250000,7665519
2016-07-20,496.299988,502.450012,492.450012,493.899994,493.899994,5697901
2016-07-21,498.450012,500.000000,489.700012,491.049988,491.049988,3658371
2016-07-22,494.450012,508.450012,493.500000,507.200012,507.200012,5588143
2016-07-25,505.500000,510.950012,503.350006,509.000000,509.000000,4638151
2016-07-26,506.049988,513.349976,502.100006,503.250000,503.250000,6187499
2016-07-27,507.750000,513.049988,505.500000,510.100006,510.100006,5193425
2016-07-28,510.000000,511.899994,498.750000,506.850006,506.850006,6338260
2016-07-29,507.799988,510.500000,501.100006,503.200012,503.200012,3746332
2016-08-01,506.799988,514.900024,505.500000,508.250000,508.250000,4748497
2016-08-02,510.000000,511.200012,491.149994,493.299988,493.299988,5251838
2016-08-03,494.500000,499.500000,475.500000,478.399994,478.399994,7925049
2016-08-04,490.100006,501.450012,488.600006,500.000000,500.000000,9476008
2016-08-05,507.200012,518.700012,502.149994,516.400024,516.400024,6393514
2016-08-08,518.200012,522.599976,513.400024,514.799988,514.799988,4649302
2016-08-09,521.000000,522.000000,509.200012,513.799988,513.799988,6015760
2016-08-10,515.599976,516.500000,502.299988,503.450012,503.450012,6371139
2016-08-11,503.750000,505.000000,495.100006,503.250000,503.250000,4112806
2016-08-12,506.899994,519.500000,506.149994,516.799988,516.799988,7167435
2016-08-16,512.950012,515.000000,503.299988,507.600006,507.600006,6034295
2016-08-17,511.100006,514.250000,505.850006,510.399994,510.399994,5853980
2016-08-18,512.400024,517.900024,510.750000,512.049988,512.049988,4990558
2016-08-19,514.000000,515.000000,508.200012,510.000000,510.000000,4567273
2016-08-22,509.100006,513.599976,503.100006,503.950012,503.950012,4330313
2016-08-23,505.250000,508.600006,500.450012,504.000000,504.000000,5342115
2016-08-24,504.700012,506.049988,493.600006,498.350006,498.350006,5189459
2016-08-25,498.350006,503.299988,491.299988,493.850006,493.850006,8787262
2016-08-26,502.000000,515.349976,486.000000,503.750000,503.750000,16347856
2016-08-29,522.500000,528.750000,515.400024,525.299988,525.299988,12534399
2016-08-30,528.500000,530.799988,524.099976,529.000000,529.000000,6611147
2016-08-31,529.000000,548.799988,529.000000,537.700012,537.700012,15725942
2016-09-01,540.500000,546.650024,540.000000,543.650024,543.650024,7571854
2016-09-02,552.000000,555.900024,549.099976,549.849976,549.849976,10097146
2016-09-06,556.349976,593.299988,556.349976,588.700012,588.700012,15813178
2016-09-07,590.000000,598.400024,584.000000,587.400024,587.400024,13408927
2016-09-08,590.750000,591.700012,577.750000,584.200012,584.200012,10456258
2016-09-09,580.000000,582.950012,571.700012,573.250000,573.250000,7159068
2016-09-12,551.000000,560.000000,549.250000,553.450012,553.450012,7055294
2016-09-14,556.250000,565.349976,544.099976,560.500000,560.500000,12364724
2016-09-15,562.000000,566.250000,555.400024,557.549988,557.549988,5258859
2016-09-16,562.400024,568.200012,546.349976,548.700012,548.700012,10931845
2016-09-19,553.799988,556.400024,549.450012,554.450012,554.450012,6979269
2016-09-20,555.000000,556.299988,545.500000,548.450012,548.450012,6874462
2016-09-21,548.599976,556.400024,544.000000,549.900024,549.900024,5919149
2016-09-22,561.200012,562.950012,551.349976,558.450012,558.450012,6012388
2016-09-23,558.500000,558.500000,551.200012,553.049988,553.049988,4840360
2016-09-26,549.950012,549.950012,533.750000,535.299988,535.299988,6858574
2016-09-27,537.700012,542.000000,530.250000,531.950012,531.950012,4912743
2016-09-28,533.000000,545.400024,531.500000,540.000000,540.000000,6604953
2016-09-29,543.000000,546.900024,516.650024,526.299988,526.299988,9315794
2016-09-30,525.599976,536.549988,521.200012,534.849976,534.849976,5659248
2016-10-03,539.400024,546.000000,539.000000,540.799988,540.799988,4505939
2016-10-04,547.400024,552.400024,540.650024,549.950012,549.950012,5715454
2016-10-05,555.299988,562.400024,549.750000,559.650024,559.650024,5929204
2016-10-06,563.099976,564.200012,549.099976,551.450012,551.450012,4273945
2016-10-07,554.500000,567.299988,552.599976,565.700012,565.700012,9122002
2016-10-10,571.099976,571.099976,560.900024,562.049988,562.049988,3673211
2016-10-13,556.900024,556.900024,537.000000,544.849976,544.849976,9510827
2016-10-14,546.000000,557.450012,545.000000,556.099976,556.099976,5872827
2016-10-17,557.849976,557.849976,545.900024,547.549988,547.549988,3463154
2016-10-18,549.200012,556.000000,549.200012,554.250000,554.250000,3965424
2016-10-19,552.049988,554.900024,545.049988,550.500000,550.500000,4275157
2016-10-20,553.049988,554.000000,546.000000,546.849976,546.849976,2770011
2016-10-21,549.000000,550.000000,541.500000,544.500000,544.500000,2789747
2016-10-24,544.000000,564.000000,543.549988,559.799988,559.799988,5161299
2016-10-25,549.849976,561.000000,549.099976,553.799988,553.799988,5690576
2016-10-26,548.000000,548.000000,523.150024,530.049988,530.049988,6665017
2016-10-27,515.599976,525.750000,510.750000,522.000000,522.000000,18470182
2016-10-28,527.000000,539.950012,525.099976,537.000000,537.000000,5665910
2016-11-01,534.400024,537.900024,525.049988,530.599976,530.599976,6848662
2016-11-02,522.599976,526.000000,512.349976,513.299988,513.299988,4750117
2016-11-03,509.799988,521.450012,505.200012,510.200012,510.200012,6909458
2016-11-04,509.250000,516.349976,501.600006,512.299988,512.299988,7564243
2016-11-07,513.000000,521.299988,505.049988,506.350006,506.350006,5507954
2016-11-08,518.400024,543.000000,517.000000,540.200012,540.200012,12739083
2016-11-09,501.149994,544.000000,500.000000,533.500000,533.500000,10276017
2016-11-10,536.000000,549.349976,531.500000,533.700012,533.700012,6906437
2016-11-11,526.500000,530.000000,505.000000,507.299988,507.299988,7823667
2016-11-15,484.899994,484.899994,453.000000,457.399994,457.399994,15356070
2016-11-16,468.450012,471.700012,450.000000,458.450012,458.450012,10855618
2016-11-17,460.000000,476.000000,459.649994,472.850006,472.850006,8949767
2016-11-18,469.899994,473.850006,461.850006,471.250000,471.250000,7246244
2016-11-21,468.000000,472.799988,451.500000,456.950012,456.950012,7325876
2016-11-22,464.049988,471.000000,453.299988,464.850006,464.850006,6644867
2016-11-23,467.000000,475.299988,462.000000,471.500000,471.500000,6727083
2016-11-24,466.350006,466.350006,449.700012,452.950012,452.950012,8046995
2016-11-25,454.100006,456.350006,443.149994,452.350006,452.350006,7426347
2016-11-28,451.250000,460.000000,450.500000,454.700012,454.700012,5025929
2016-11-29,455.000000,466.299988,451.350006,459.850006,459.850006,8570549
2016-11-30,460.000000,463.799988,455.100006,459.299988,459.299988,8377510
2016-12-01,457.000000,457.700012,446.899994,448.200012,448.200012,7706825
2016-12-02,445.000000,453.500000,431.149994,432.899994,432.899994,10450654
2016-12-05,436.000000,441.000000,428.299988,439.299988,439.299988,8211182
2016-12-06,441.000000,445.899994,438.100006,441.100006,441.100006,4209420
2016-12-07,440.000000,449.200012,439.250000,445.350006,445.350006,5559803
2016-12-08,451.200012,464.399994,451.200012,461.549988,461.549988,8176055
2016-12-09,464.950012,468.549988,460.600006,464.100006,464.100006,5690877
2016-12-12,461.950012,461.950012,451.049988,454.399994,454.399994,3837786
2016-12-13,476.799988,486.250000,462.250000,470.649994,470.649994,63880404
2016-12-14,470.200012,476.799988,462.649994,472.350006,472.350006,7660437
2016-12-15,464.000000,473.600006,462.500000,463.200012,463.200012,6539067
2016-12-16,465.000000,474.899994,464.200012,473.149994,473.149994,9015744
2016-12-19,470.899994,478.549988,465.500000,471.799988,471.799988,5445624
2016-12-20,473.000000,475.000000,469.100006,473.149994,473.149994,3690160
2016-12-21,473.500000,474.500000,467.100006,468.500000,468.500000,3492856
2016-12-22,468.149994,472.950012,464.799988,469.600006,469.600006,5436494
2016-12-23,464.950012,468.299988,460.000000,465.649994,465.649994,3957854
2016-12-26,465.500000,465.500000,455.600006,457.850006,457.850006,3282425
2016-12-27,460.000000,468.750000,457.399994,466.950012,466.950012,3164664
2016-12-28,467.000000,468.649994,462.000000,463.350006,463.350006,3772181
2016-12-29,462.750000,472.700012,459.350006,470.899994,470.899994,4763171
2016-12-30,471.000000,475.000000,467.500000,472.000000,472.000000,3605555
2017-01-02,472.000000,488.700012,469.049988,487.049988,487.049988,4024156
2017-01-03,491.000000,492.700012,479.899994,481.100006,481.100006,5814518
2017-01-04,484.649994,493.700012,484.100006,486.649994,486.649994,4769872
2017-01-05,496.000000,503.399994,495.549988,502.149994,502.149994,7961242
2017-01-06,502.950012,507.950012,496.250000,497.750000,497.750000,4907475
2017-01-09,499.399994,504.600006,492.149994,500.149994,500.149994,3932710
2017-01-10,506.549988,518.000000,505.950012,516.250000,516.250000,7973024
2017-01-11,520.250000,523.950012,517.150024,519.250000,519.250000,4886398
2017-01-12,521.700012,524.000000,513.200012,518.250000,518.250000,4219627
2017-01-13,523.250000,523.250000,507.500000,514.849976,514.849976,6367248
2017-01-16,518.650024,529.450012,517.000000,526.400024,526.400024,6084582
2017-01-17,528.099976,530.799988,521.000000,523.700012,523.700012,4297426
2017-01-18,523.049988,529.599976,521.200012,522.450012,522.450012,5874608
2017-01-19,523.000000,535.599976,522.700012,531.450012,531.450012,5810128
2017-01-20,527.400024,529.299988,521.250000,523.200012,523.200012,5013928
2017-01-23,523.200012,534.950012,523.000000,532.700012,532.700012,4209879
2017-01-24,533.000000,543.000000,532.349976,541.549988,541.549988,5183630
2017-01-25,543.250000,551.900024,541.549988,548.900024,548.900024,4504941
2017-01-27,549.000000,552.000000,539.750000,541.950012,541.950012,4493803
2017-01-30,542.000000,543.500000,530.799988,532.299988,532.299988,4163428
2017-01-31,530.200012,531.500000,518.000000,523.549988,523.549988,6035022
2017-02-01,527.500000,544.500000,522.900024,542.250000,542.250000,4786720
2017-02-02,537.599976,537.599976,526.799988,531.500000,531.500000,6579801
2017-02-03,531.900024,531.900024,519.500000,522.599976,522.599976,5298261
2017-02-06,527.900024,531.450012,523.200012,525.849976,525.849976,3642527
2017-02-07,524.799988,524.799988,502.000000,506.799988,506.799988,7987282
2017-02-08,512.349976,514.950012,506.299988,513.049988,513.049988,5975054
2017-02-09,515.400024,518.000000,505.750000,512.849976,512.849976,4099871
2017-02-10,513.000000,514.799988,506.500000,509.549988,509.549988,4732032
2017-02-13,512.700012,512.700012,503.299988,505.299988,505.299988,4700518
2017-02-14,503.000000,506.700012,466.549988,482.049988,482.049988,14901414
2017-02-15,449.049988,453.000000,434.350006,436.450012,436.450012,38638630
2017-02-16,442.549988,447.600006,435.399994,446.000000,446.000000,11622714
2017-02-17,447.899994,456.600006,442.399994,452.950012,452.950012,10063504
2017-02-20,451.500000,458.450012,449.000000,455.450012,455.450012,5866707
2017-02-21,456.899994,462.799988,454.500000,458.649994,458.649994,6875914
2017-02-22,460.250000,466.700012,455.799988,460.049988,460.049988,7315280
2017-02-23,464.000000,464.700012,457.250000,462.350006,462.350006,9492419
2017-02-27,464.000000,464.000000,455.100006,457.799988,457.799988,5510484
2017-02-28,460.000000,460.000000,454.100006,456.750000,456.750000,5722402
2017-03-01,455.899994,455.899994,448.000000,449.450012,449.450012,8367579
2017-03-02,457.850006,467.899994,453.200012,461.700012,461.700012,13667695
2017-03-03,463.299988,466.850006,458.600006,459.950012,459.950012,7085620
2017-03-06,462.500000,472.700012,462.100006,470.799988,470.799988,4036291
2017-03-07,469.500000,475.899994,466.049988,467.549988,467.549988,7114541
2017-03-08,469.399994,469.600006,461.149994,462.799988,462.799988,5351597
2017-03-09,462.450012,469.700012,462.000000,467.600006,467.600006,3837624
2017-03-10,471.000000,471.850006,465.100006,469.100006,469.100006,5766815
2017-03-14,481.000000,483.000000,468.450012,469.750000,469.750000,6348198
2017-03-15,475.000000,476.549988,470.649994,473.450012,473.450012,4801312
2017-03-16,478.700012,482.000000,476.149994,480.950012,480.950012,6272947
2017-03-17,481.350006,484.200012,471.700012,476.500000,476.500000,6338248
2017-03-20,476.549988,478.200012,470.750000,476.000000,476.000000,2871104
2017-03-21,478.000000,478.049988,470.649994,473.750000,473.750000,4685410
2017-03-22,469.950012,469.950012,458.500000,459.899994,459.899994,4695648
2017-03-23,461.299988,477.000000,461.299988,472.899994,472.899994,8665384
2017-03-24,470.750000,474.799988,467.549988,470.399994,470.399994,4296510
2017-03-27,469.000000,469.149994,462.100006,464.750000,464.750000,4417413
2017-03-28,467.500000,473.000000,467.500000,472.399994,472.399994,2982614
2017-03-29,474.899994,475.000000,463.600006,469.049988,469.049988,6680569
2017-03-30,463.500000,469.799988,462.850006,468.399994,468.399994,9482785
2017-03-31,466.500000,472.500000,464.500000,465.850006,465.850006,6400088
2017-04-03,468.250000,472.299988,467.600006,470.399994,470.399994,2951896
2017-04-05,470.399994,475.000000,467.250000,473.500000,473.500000,5287168
2017-04-06,474.299988,478.500000,470.600006,473.200012,473.200012,6703078
2017-04-07,468.450012,480.549988,466.649994,468.299988,468.299988,8089461
2017-04-10,471.649994,478.299988,467.549988,474.899994,474.899994,5437523
2017-04-11,477.899994,478.350006,471.100006,472.250000,472.250000,4887918
2017-04-12,468.700012,471.549988,461.600006,464.549988,464.549988,5991598
2017-04-13,461.850006,463.350006,451.200012,453.350006,453.350006,5930185
2017-04-17,452.000000,455.700012,447.299988,449.200012,449.200012,4913930
2017-04-18,452.000000,455.750000,442.500000,443.700012,443.700012,4235130
2017-04-19,443.000000,449.500000,438.299988,443.049988,443.049988,6319332
2017-04-20,447.850006,447.850006,442.100006,443.950012,443.950012,3288900
2017-04-21,446.750000,448.450012,437.600006,440.600006,440.600006,5325590
2017-04-24,439.799988,449.000000,438.750000,443.850006,443.850006,6214069
2017-04-25,445.850006,447.750000,443.299988,445.649994,445.649994,5894090
2017-04-26,446.000000,454.399994,445.500000,450.799988,450.799988,8438042
2017-04-27,455.000000,460.899994,452.700012,455.350006,455.350006,10589249
2017-04-28,457.100006,462.000000,454.399994,458.899994,458.899994,5126904
2017-05-02,456.600006,457.200012,448.549988,451.250000,451.250000,6071958
2017-05-03,451.350006,456.000000,444.649994,446.600006,446.600006,5158586
2017-05-04,446.649994,448.100006,435.149994,436.500000,436.500000,6204022
2017-05-05,436.500000,436.500000,418.000000,419.600006,419.600006,9487539
2017-05-08,424.750000,428.700012,417.250000,422.649994,422.649994,7427873
2017-05-09,424.750000,428.799988,422.700012,426.799988,426.799988,2833132
2017-05-10,427.799988,433.000000,424.000000,432.299988,432.299988,5378402
2017-05-11,434.000000,434.500000,425.399994,427.450012,427.450012,4049649
2017-05-12,429.649994,433.799988,427.450012,430.850006,430.850006,3850940
2017-05-15,434.000000,434.000000,430.100006,431.899994,431.899994,1885702
2017-05-16,432.250000,439.500000,432.250000,437.250000,437.250000,3452072
2017-05-17,436.500000,452.500000,435.100006,449.100006,449.100006,6572678
2017-05-18,442.000000,448.700012,436.000000,437.950012,437.950012,6158546
2017-05-19,439.000000,444.950012,434.600006,443.350006,443.350006,4387481
2017-05-22,446.000000,452.750000,442.600006,449.649994,449.649994,6145914
2017-05-23,451.450012,456.450012,444.299988,450.500000,450.500000,10330814
2017-05-24,470.000000,473.350006,458.100006,469.549988,469.549988,27370795
2017-05-25,470.000000,479.000000,464.700012,476.000000,476.000000,15108872
2017-05-26,474.100006,488.250000,473.500000,481.100006,481.100006,7692869
2017-05-29,482.500000,485.000000,471.799988,481.500000,481.500000,4253044
2017-05-30,482.700012,487.000000,480.000000,481.299988,481.299988,3101380
2017-05-31,482.299988,483.000000,474.799988,476.149994,476.149994,5393856
2017-06-01,476.950012,479.700012,473.549988,476.649994,476.649994,3001232
2017-06-02,480.000000,485.950012,477.700012,478.750000,478.750000,4319080
2017-06-05,478.299988,481.899994,475.200012,478.149994,478.149994,2464819
2017-06-06,482.899994,484.350006,457.600006,461.000000,461.000000,8016939
2017-06-07,462.549988,463.649994,453.500000,458.000000,458.000000,5250544
2017-06-08,459.500000,463.450012,457.350006,460.799988,460.799988,4066322
2017-06-09,459.950012,468.000000,455.000000,467.100006,467.100006,4598706
2017-06-12,463.750000,465.250000,455.200012,456.250000,456.250000,4341696
2017-06-13,457.149994,458.750000,448.000000,449.549988,449.549988,3577406
2017-06-14,450.799988,453.399994,447.049988,451.950012,451.950012,3605931
2017-06-15,452.000000,457.850006,446.950012,448.299988,448.299988,3879154
2017-06-16,454.700012,458.399994,452.000000,455.750000,455.750000,7042094
2017-06-19,453.799988,456.399994,450.500000,452.350006,452.350006,3869675
2017-06-20,457.000000,470.750000,456.000000,467.399994,467.399994,12014975
2017-06-21,466.000000,466.000000,455.500000,457.299988,457.299988,5436141
2017-06-22,458.850006,463.000000,451.600006,452.700012,452.700012,5008885
2017-06-23,454.000000,456.500000,442.399994,443.149994,443.149994,6753648
2017-06-27,443.799988,444.500000,434.399994,442.299988,442.299988,5915274
2017-06-28,443.899994,446.799988,440.149994,442.500000,442.500000,4960238
2017-06-29,444.500000,446.250000,434.000000,435.600006,435.600006,11085101
2017-06-30,433.899994,435.600006,428.049988,432.549988,432.549988,4776892
2017-07-03,431.500000,434.700012,426.250000,430.250000,430.250000,6230025
2017-07-04,434.200012,436.399994,426.000000,426.899994,426.899994,5020683
2017-07-05,428.899994,433.950012,427.399994,431.750000,431.750000,5050749
2017-07-06,435.399994,438.799988,433.799988,437.100006,437.100006,4038188
2017-07-07,434.450012,441.450012,432.250000,436.850006,436.850006,5311730
2017-07-10,446.600006,448.100006,444.000000,446.950012,446.950012,1154721
2017-07-11,452.000000,462.299988,451.000000,456.950012,456.950012,12069006
2017-07-12,461.000000,463.799988,456.600006,461.000000,461.000000,6051540
2017-07-13,464.500000,464.500000,455.549988,459.049988,459.049988,4382063
2017-07-14,460.000000,460.000000,450.399994,451.299988,451.299988,3974269
2017-07-17,455.000000,458.350006,453.250000,454.149994,454.149994,4922453
2017-07-18,452.600006,459.500000,452.600006,456.149994,456.149994,2349268
2017-07-19,453.000000,462.899994,453.000000,460.600006,460.600006,3395937
2017-07-20,463.500000,464.350006,457.350006,460.149994,460.149994,3318626
2017-07-21,460.000000,465.899994,457.600006,464.600006,464.600006,3150269
2017-07-24,464.950012,468.350006,461.000000,464.000000,464.000000,3773074
2017-07-25,462.149994,464.700012,454.700012,456.100006,456.100006,7052112
2017-07-26,457.200012,458.700012,455.000000,457.299988,457.299988,3641559
2017-07-27,459.000000,460.950012,440.299988,445.399994,445.399994,13738611
2017-07-28,444.600006,447.450012,442.450012,445.850006,445.850006,3365171
2017-07-31,446.250000,449.700012,443.700012,444.600006,444.600006,3804621
2017-08-01,446.549988,452.350006,445.700012,446.899994,446.899994,4012791
2017-08-02,449.500000,449.950012,438.149994,440.350006,440.350006,4045533
2017-08-03,441.000000,441.500000,429.600006,431.450012,431.450012,6197142
2017-08-04,435.100006,438.750000,433.450012,435.600006,435.600006,4166729
2017-08-07,438.600006,439.799988,425.299988,430.000000,430.000000,6461815
2017-08-08,432.000000,435.500000,426.000000,430.000000,430.000000,7134979
2017-08-09,428.799988,429.899994,415.000000,416.049988,416.049988,10849567
2017-08-10,401.000000,403.600006,375.250000,380.200012,380.200012,28114017
2017-08-11,376.000000,379.100006,358.500000,374.500000,374.500000,14699477
2017-08-14,380.000000,381.799988,372.600006,375.399994,375.399994,8216208
2017-08-16,379.450012,390.700012,375.500000,389.250000,389.250000,11019760
2017-08-17,392.450012,392.450012,384.500000,385.299988,385.299988,5971420
2017-08-18,381.750000,383.000000,377.000000,380.399994,380.399994,5856198
2017-08-21,382.000000,382.549988,371.299988,374.350006,374.350006,5123101
2017-08-22,378.799988,379.950012,372.250000,373.600006,373.600006,4163794
2017-08-23,376.000000,381.149994,373.350006,379.950012,379.950012,4448871
2017-08-24,380.100006,385.950012,380.100006,384.149994,384.149994,5208541
2017-08-28,385.850006,387.399994,378.299988,379.299988,379.299988,4403872
2017-08-29,379.000000,382.350006,374.450012,376.100006,376.100006,4689547
2017-08-30,380.850006,382.750000,377.450012,378.500000,378.500000,3734824
2017-08-31,380.049988,380.450012,375.799988,376.549988,376.549988,4685511
2017-09-01,379.350006,392.850006,378.649994,390.850006,390.850006,7380325
2017-09-04,393.000000,396.049988,380.500000,383.399994,383.399994,8433560
2017-09-05,385.700012,389.500000,383.399994,388.149994,388.149994,4477993
2017-09-06,385.000000,386.700012,381.850006,382.700012,382.700012,5953907
2017-09-07,383.700012,384.399994,376.000000,378.149994,378.149994,7938665
2017-09-08,381.000000,381.799988,374.049988,375.049988,375.049988,7471355
2017-09-11,380.000000,380.000000,374.200012,375.299988,375.299988,5402725
2017-09-12,378.700012,390.000000,375.500000,388.250000,388.250000,9266823
2017-09-13,391.000000,393.950012,387.200012,389.649994,389.649994,6537279
2017-09-14,390.750000,406.600006,390.250000,404.399994,404.399994,11476571
2017-09-15,402.850006,406.750000,400.000000,401.750000,401.750000,9675506
2017-09-18,411.850006,413.000000,403.200012,404.950012,404.950012,8966503
2017-09-19,415.000000,427.700012,414.000000,423.649994,423.649994,28208471
2017-09-20,422.750000,422.750000,413.000000,414.799988,414.799988,5179160
2017-09-21,415.399994,418.450012,408.799988,413.649994,413.649994,6946502
2017-09-22,414.000000,422.149994,408.850006,411.799988,411.799988,9781308
2017-09-25,413.649994,415.299988,404.600006,408.200012,408.200012,6957357
2017-09-26,409.399994,413.899994,403.299988,411.250000,411.250000,5077291
2017-09-27,413.500000,414.250000,402.000000,404.899994,404.899994,4727360
2017-09-28,406.950012,406.950012,399.000000,401.399994,401.399994,4850748
2017-09-29,401.399994,405.000000,397.399994,401.500000,401.500000,7520906
2017-10-03,428.000000,428.000000,415.000000,416.000000,416.000000,9696920
2017-10-04,417.549988,426.000000,412.700012,423.549988,423.549988,7663143
2017-10-05,423.000000,425.799988,420.100006,423.299988,423.299988,4606192
2017-10-06,422.000000,426.000000,416.200012,424.850006,424.850006,5308695
2017-10-09,424.000000,432.100006,423.049988,425.600006,425.600006,4414381
2017-10-10,425.600006,428.899994,421.399994,423.600006,423.600006,5057869
2017-10-11,424.899994,424.899994,414.100006,415.500000,415.500000,4320451
2017-10-12,415.500000,421.799988,409.350006,420.149994,420.149994,5442846
2017-10-13,421.000000,429.299988,418.899994,424.799988,424.799988,6969434
2017-10-16,426.299988,438.000000,425.850006,437.049988,437.049988,8476709
2017-10-17,435.750000,435.750000,430.200012,432.299988,432.299988,5135763
2017-10-18,432.250000,437.299988,426.600006,433.200012,433.200012,5539785
2017-10-19,433.000000,433.100006,424.250000,426.950012,426.950012,1313380
2017-10-23,429.100006,430.850006,421.000000,422.750000,422.750000,4013418
2017-10-24,422.750000,423.799988,415.049988,416.049988,416.049988,4541742
2017-10-25,421.000000,424.399994,415.100006,421.950012,421.950012,5666968
2017-10-26,421.700012,422.399994,417.000000,419.399994,419.399994,6207936
2017-10-27,422.049988,434.350006,422.049988,429.899994,429.899994,7414741
2017-10-30,428.250000,440.950012,428.250000,436.549988,436.549988,7675104
2017-10-31,438.850006,438.850006,427.299988,428.399994,428.399994,6214996
2017-11-01,430.950012,439.950012,428.450012,437.750000,437.750000,7310931
2017-11-02,435.700012,440.399994,429.899994,434.899994,434.899994,8262211
2017-11-03,434.000000,449.350006,432.649994,447.700012,447.700012,8116263
2017-11-06,445.750000,468.000000,443.549988,462.899994,462.899994,19456789
2017-11-07,458.200012,465.899994,450.049988,451.850006,451.850006,13266543
2017-11-08,448.000000,455.000000,431.299988,438.200012,438.200012,11193613
2017-11-09,442.100006,450.899994,425.649994,440.149994,440.149994,40547266
2017-11-10,438.950012,438.950012,420.000000,422.549988,422.549988,22534490
2017-11-13,423.000000,427.500000,416.100006,418.100006,418.100006,9857544
2017-11-14,418.549988,421.850006,410.649994,414.299988,414.299988,8987515
2017-11-15,414.299988,417.549988,407.000000,408.649994,408.649994,9867270
2017-11-16,411.350006,415.899994,411.350006,413.450012,413.450012,6291441
2017-11-17,419.450012,423.450012,417.000000,421.799988,421.799988,6191428
2017-11-20,421.000000,425.700012,420.100006,423.000000,423.000000,4051153
2017-11-21,424.450012,430.000000,422.500000,424.250000,424.250000,6745407
2017-11-22,425.450012,433.000000,424.500000,428.600006,428.600006,7899417
2017-11-23,428.600006,431.049988,422.450012,426.250000,426.250000,7374216
2017-11-24,427.000000,429.950012,424.250000,425.500000,425.500000,5108182
2017-11-27,423.000000,424.750000,417.799988,421.399994,421.399994,7946028
2017-11-28,419.799988,422.250000,414.500000,415.950012,415.950012,6217480
2017-11-29,415.899994,419.450012,412.049988,413.950012,413.950012,4327453
2017-11-30,410.399994,412.250000,402.250000,404.149994,404.149994,25646262
2017-12-01,407.899994,410.250000,396.500000,398.899994,398.899994,7959197
2017-12-04,405.799988,411.250000,401.700012,403.649994,403.649994,10043491
2017-12-05,404.549988,405.500000,396.549988,402.250000,402.250000,7144542
2017-12-06,400.200012,404.000000,395.000000,397.049988,397.049988,5573968
2017-12-07,398.000000,405.299988,397.149994,402.000000,402.000000,7998863
2017-12-08,406.000000,413.750000,406.000000,411.149994,411.149994,12288946
2017-12-11,412.000000,415.200012,409.049988,410.149994,410.149994,5066242
2017-12-12,411.549988,415.500000,405.950012,406.850006,406.850006,6151197
2017-12-13,407.000000,409.850006,400.000000,401.950012,401.950012,5140689
2017-12-14,404.000000,404.549988,398.200012,402.399994,402.399994,4674026
2017-12-15,406.500000,409.000000,404.200012,405.100006,405.100006,5614113
2017-12-18,399.000000,409.899994,389.299988,405.799988,405.799988,5356208
2017-12-19,407.350006,421.700012,407.350006,420.100006,420.100006,9686883
2017-12-20,421.950012,427.750000,419.250000,422.600006,422.600006,11191127
2017-12-21,424.000000,426.049988,419.549988,420.799988,420.799988,4885225
2017-12-22,422.049988,426.399994,420.899994,422.000000,422.000000,5345261
2017-12-26,422.000000,425.149994,421.149994,424.200012,424.200012,3700655
2017-12-27,423.500000,428.450012,420.299988,422.450012,422.450012,3673355
2017-12-28,423.500000,423.700012,416.000000,418.600006,418.600006,5018893
2017-12-29,418.000000,433.450012,417.149994,431.850006,431.850006,8640908
2018-01-01,430.950012,436.399994,422.250000,424.450012,424.450012,6807536
2018-01-02,428.850006,440.850006,422.000000,439.299988,439.299988,15331261
2018-01-03,440.399994,441.399994,431.950012,433.899994,433.899994,9794953
2018-01-04,430.000000,433.299988,425.750000,429.950012,429.950012,8395377
2018-01-05,431.250000,436.350006,429.799988,431.600006,431.600006,7021611
2018-01-08,432.000000,436.200012,431.649994,433.549988,433.549988,4635214
2018-01-09,434.250000,443.500000,433.000000,437.549988,437.549988,12629045
2018-01-10,438.000000,439.299988,431.299988,433.299988,433.299988,4702579
2018-01-11,433.500000,437.600006,432.899994,434.750000,434.750000,4564895
2018-01-12,437.000000,441.450012,432.100006,437.100006,437.100006,7408870
2018-01-15,438.049988,440.049988,431.049988,432.350006,432.350006,4042775
2018-01-16,433.000000,435.200012,419.500000,421.899994,421.899994,5623745
2018-01-17,422.049988,424.500000,410.100006,422.950012,422.950012,10204447
2018-01-18,424.000000,428.299988,414.450012,418.950012,418.950012,9579830
2018-01-19,415.200012,421.950012,415.049988,418.049988,418.049988,3894062
2018-01-22,419.049988,424.399994,418.450012,421.899994,421.899994,4643782
2018-01-23,422.799988,422.799988,414.750000,418.000000,418.000000,6185011
2018-01-24,416.000000,416.250000,402.649994,403.600006,403.600006,10789570
2018-01-25,403.450012,407.649994,398.000000,400.299988,400.299988,16312167
2018-01-29,402.500000,405.899994,398.100006,399.250000,399.250000,5789602
2018-01-30,400.000000,402.299988,395.000000,395.850006,395.850006,6963005
2018-01-31,395.500000,400.950012,395.250000,399.500000,399.500000,5111454
2018-02-01,399.899994,403.799988,390.549988,393.649994,393.649994,7259426
2018-02-02,392.000000,397.399994,381.299988,383.750000,383.750000,10070356
2018-02-05,381.000000,398.000000,380.000000,395.799988,395.799988,9876017
2018-02-06,363.000000,379.850006,356.500000,375.450012,375.450012,25294860
2018-02-07,380.399994,385.399994,375.200012,377.799988,377.799988,12706795
2018-02-08,379.899994,380.000000,372.200012,374.850006,374.850006,12452396
2018-02-09,369.899994,373.200012,368.000000,368.750000,368.750000,8816777
2018-02-12,373.399994,376.200012,370.200012,371.799988,371.799988,6002369
2018-02-14,372.899994,382.299988,370.600006,376.850006,376.850006,9623436
2018-02-15,379.799988,382.200012,373.100006,375.799988,375.799988,10225880
2018-02-16,378.000000,379.399994,367.600006,370.750000,370.750000,8545282
2018-02-19,373.700012,374.700012,362.799988,368.750000,368.750000,5658765
2018-02-20,370.350006,370.899994,366.500000,369.299988,369.299988,3972114
2018-02-21,372.500000,372.500000,362.850006,364.450012,364.450012,8640166
2018-02-22,363.000000,363.000000,357.500000,358.500000,358.500000,10870704
2018-02-23,360.100006,364.600006,358.750000,360.200012,360.200012,6751064
2018-02-26,362.000000,373.500000,362.000000,372.049988,372.049988,10576794
2018-02-27,375.000000,376.600006,370.350006,372.549988,372.549988,6156672
2018-02-28,370.000000,373.649994,367.149994,369.899994,369.899994,8009429
2018-03-01,369.750000,376.299988,369.049988,370.750000,370.750000,6991806
2018-03-05,368.750000,368.750000,350.100006,352.049988,352.049988,14665325
2018-03-06,355.149994,357.950012,345.000000,346.500000,346.500000,8876632
2018-03-07,345.000000,355.299988,343.250000,347.799988,347.799988,15599393
2018-03-08,350.799988,351.899994,341.049988,345.149994,345.149994,7674221
2018-03-09,345.549988,348.700012,340.149994,341.500000,341.500000,5519224
2018-03-12,345.000000,353.799988,340.350006,352.600006,352.600006,8238960
2018-03-13,352.600006,356.450012,350.000000,353.149994,353.149994,6184241
2018-03-14,351.000000,354.899994,349.600006,354.049988,354.049988,3820313
2018-03-15,354.049988,358.399994,351.100006,353.100006,353.100006,4331145
2018-03-16,352.049988,352.600006,338.399994,339.750000,339.750000,14205582
2018-03-19,341.200012,342.100006,332.549988,335.700012,335.700012,9391347
2018-03-20,335.500000,340.399994,333.549988,338.799988,338.799988,5080453
2018-03-21,339.899994,342.250000,332.250000,333.850006,333.850006,6812442
2018-03-22,338.500000,340.250000,334.799988,338.200012,338.200012,9255091
2018-03-23,330.000000,334.799988,329.600006,330.850006,330.850006,8578297
2018-03-26,328.799988,333.899994,324.299988,332.350006,332.350006,8907023
2018-03-27,333.950012,335.799988,330.100006,331.149994,331.149994,6822448
2018-03-28,331.500000,333.649994,325.200012,326.850006,326.850006,10975624
2018-04-02,335.000000,340.799988,332.700012,339.149994,339.149994,9874486
2018-04-03,338.399994,344.500000,337.149994,343.100006,343.100006,6989584
2018-04-04,346.799988,363.700012,346.250000,355.600006,355.600006,27157199
2018-04-05,362.600006,372.350006,359.799988,362.200012,362.200012,28886070
2018-04-06,362.000000,368.350006,356.450012,364.100006,364.100006,13297051
2018-04-09,361.899994,368.600006,357.000000,358.299988,358.299988,9555113
2018-04-10,360.500000,362.350006,351.500000,353.250000,353.250000,8201215
2018-04-11,355.000000,357.149994,350.500000,355.799988,355.799988,5622957
2018-04-12,358.000000,364.399994,357.000000,358.399994,358.399994,13145938
2018-04-13,357.899994,361.000000,354.399994,357.049988,357.049988,5935628
2018-04-16,350.799988,352.799988,337.549988,339.149994,339.149994,19157051
2018-04-17,342.299988,344.200012,332.600006,336.450012,336.450012,14241074
2018-04-18,338.200012,339.750000,333.399994,334.799988,334.799988,6699271
2018-04-19,336.500000,337.000000,332.500000,334.250000,334.250000,7087115
2018-04-20,335.950012,343.250000,334.600006,336.000000,336.000000,11908652
2018-04-23,335.950012,339.500000,333.000000,334.049988,334.049988,8056732
2018-04-24,334.799988,335.000000,330.600006,331.549988,331.549988,9210931
2018-04-25,330.799988,334.000000,327.750000,328.600006,328.600006,6306039
2018-04-26,329.899994,335.950012,326.000000,330.250000,330.250000,16647689
2018-04-27,333.000000,337.649994,331.049988,336.899994,336.899994,8804236
2018-04-30,338.500000,342.750000,337.250000,340.399994,340.399994,5937740
2018-05-02,349.200012,351.649994,335.000000,336.049988,336.049988,16022148
2018-05-03,335.500000,335.899994,329.149994,333.500000,333.500000,6870513
2018-05-04,333.750000,337.299988,329.500000,334.399994,334.399994,6660062
2018-05-07,337.850006,337.850006,333.700012,335.149994,335.149994,3888627
2018-05-08,336.299988,336.600006,330.250000,332.149994,332.149994,8114997
2018-05-09,331.000000,347.250000,331.000000,341.950012,341.950012,19019847
2018-05-10,343.750000,343.750000,332.750000,333.600006,333.600006,11158000
2018-05-11,334.000000,334.000000,330.000000,330.799988,330.799988,7365579
2018-05-14,333.000000,333.000000,323.000000,323.600006,323.600006,8312976
2018-05-15,324.000000,324.049988,305.700012,310.100006,310.100006,15323964
2018-05-16,309.950012,315.750000,306.700012,310.250000,310.250000,12051269
2018-05-17,313.100006,319.500000,309.299988,314.899994,314.899994,10214660
2018-05-18,314.750000,315.000000,303.500000,304.600006,304.600006,11688577
2018-05-21,304.750000,307.200012,294.700012,295.899994,295.899994,11549490
2018-05-22,296.549988,312.500000,296.549988,307.700012,307.700012,17199292
2018-05-23,311.100006,317.250000,305.399994,309.450012,309.450012,17698475
2018-05-24,300.000000,307.649994,284.100006,288.649994,288.649994,46104103
2018-05-25,290.399994,297.450012,286.250000,294.149994,294.149994,19240172
2018-05-28,293.750000,299.899994,290.299988,296.299988,296.299988,8516862
2018-05-29,296.799988,300.000000,293.000000,294.649994,294.649994,9816561
2018-05-30,289.950012,292.250000,286.149994,288.899994,288.899994,11649429
2018-05-31,289.950012,290.850006,281.600006,282.500000,282.500000,28771987
2018-06-01,284.500000,290.350006,283.049988,287.200012,287.200012,15840810
2018-06-04,292.500000,293.850006,286.000000,286.649994,286.649994,10835487
2018-06-05,286.649994,288.250000,283.600006,284.950012,284.950012,7456195
2018-06-06,286.850006,296.899994,285.250000,295.649994,295.649994,19754001
2018-06-07,296.299988,306.899994,295.250000,305.399994,305.399994,22839023
2018-06-08,305.700012,315.549988,302.399994,309.950012,309.950012,27249374
2018-06-11,310.899994,313.899994,306.649994,309.750000,309.750000,14650133
2018-06-12,310.950012,313.649994,307.200012,307.799988,307.799988,7932388
2018-06-13,309.200012,311.250000,307.000000,308.399994,308.399994,7280886
2018-06-14,308.500000,309.600006,303.799988,305.899994,305.899994,6532693
2018-06-15,305.750000,307.649994,300.549988,302.950012,302.950012,8224497
2018-06-18,302.899994,311.000000,302.100006,308.799988,308.799988,8787098
2018-06-19,309.600006,312.799988,303.299988,305.049988,305.049988,10498362
2018-06-20,304.899994,308.250000,304.049988,305.600006,305.600006,6607472
2018-06-21,307.899994,308.500000,305.500000,307.000000,307.000000,5085379
2018-06-22,306.850006,308.899994,303.200012,308.000000,308.000000,6033095
2018-06-25,306.299988,306.299988,287.600006,289.399994,289.399994,16392183
2018-06-26,288.399994,288.399994,275.100006,276.850006,276.850006,30728620
2018-06-27,278.500000,279.500000,270.000000,271.049988,271.049988,19077416
2018-06-28,272.000000,272.649994,261.850006,263.350006,263.350006,19507165
2018-06-29,265.450012,270.500000,262.649994,269.299988,269.299988,14765516
2018-07-02,276.000000,276.049988,265.600006,266.700012,266.700012,16495647
2018-07-03,269.500000,271.500000,267.200012,269.450012,269.450012,11484332
2018-07-04,270.000000,271.500000,265.649994,267.049988,267.049988,7394858
2018-07-05,263.500000,263.750000,252.550003,261.549988,261.549988,20820454
2018-07-06,262.000000,272.500000,261.850006,270.850006,270.850006,19215897
2018-07-09,274.600006,277.000000,272.049988,273.500000,273.500000,9387556
2018-07-10,274.899994,276.899994,272.899994,275.450012,275.450012,6351033
2018-07-11,276.399994,276.399994,267.100006,267.799988,267.799988,7356582
2018-07-12,269.600006,272.000000,265.500000,266.100006,266.100006,8573517
2018-07-13,267.299988,269.399994,262.700012,263.600006,263.600006,8352827
2018-07-16,260.500000,260.799988,250.500000,252.100006,252.100006,11067012
2018-07-17,253.000000,259.000000,252.300003,257.950012,257.950012,6350966
2018-07-18,259.450012,259.450012,247.300003,251.850006,251.850006,9348644
2018-07-19,254.000000,257.850006,251.199997,252.500000,252.500000,9556686
2018-07-20,252.699997,254.000000,251.000000,253.399994,253.399994,6422014
2018-07-23,254.949997,259.500000,251.100006,258.750000,258.750000,8891743
2018-07-24,258.750000,263.750000,257.100006,258.799988,258.799988,9906160
2018-07-25,260.000000,261.700012,256.100006,257.850006,257.850006,6721386
2018-07-26,260.100006,263.000000,257.500000,258.250000,258.250000,8817721
2018-07-27,259.100006,269.700012,258.549988,268.149994,268.149994,15275469
2018-07-30,267.750000,271.649994,266.200012,267.500000,267.500000,7801098
2018-07-31,268.950012,270.450012,262.200012,264.100006,264.100006,10026055
2018-08-01,250.000000,268.000000,250.000000,265.049988,265.049988,53282545
2018-08-02,263.450012,266.450012,258.700012,260.850006,260.850006,17421472
2018-08-03,262.149994,263.850006,257.600006,258.450012,258.450012,9044248
2018-08-06,259.950012,261.799988,252.500000,254.050003,254.050003,11371744
2018-08-07,255.199997,256.000000,250.550003,251.600006,251.600006,14490829
2018-08-08,253.500000,258.250000,251.850006,255.149994,255.149994,16125867
2018-08-09,256.649994,260.399994,255.500000,257.850006,257.850006,7777719
2018-08-10,257.250000,258.649994,249.550003,250.100006,250.100006,14606037
2018-08-13,249.250000,249.699997,243.100006,248.699997,248.699997,13877900
2018-08-14,248.600006,249.850006,247.199997,248.800003,248.800003,9171033
2018-08-16,245.800003,252.800003,245.250000,251.300003,251.300003,14148347
2018-08-17,253.699997,260.100006,253.000000,258.250000,258.250000,16117660
2018-08-20,261.850006,271.850006,259.200012,270.100006,270.100006,25576718
2018-08-21,271.850006,274.700012,266.700012,268.799988,268.799988,19505584
2018-08-23,269.200012,269.200012,256.000000,256.899994,256.899994,18667622
2018-08-24,257.000000,258.649994,255.000000,255.500000,255.500000,8703468
2018-08-27,257.000000,259.500000,256.500000,258.799988,258.799988,6127707
2018-08-28,261.700012,263.250000,259.049988,260.000000,260.000000,8506857
2018-08-29,261.049988,263.500000,261.000000,261.700012,261.700012,5117552
2018-08-30,262.299988,263.000000,259.000000,259.350006,259.350006,6333570
2018-08-31,259.100006,268.250000,258.100006,267.500000,267.500000,12360078
2018-09-03,271.399994,273.000000,265.250000,266.600006,266.600006,14597832
2018-09-04,270.500000,270.799988,260.350006,261.950012,261.950012,14775900
2018-09-05,261.000000,271.000000,255.399994,266.500000,266.500000,10084307
2018-09-06,269.700012,272.000000,263.850006,269.950012,269.950012,14736214
2018-09-07,269.549988,279.899994,269.250000,277.399994,277.399994,26189156
2018-09-10,276.000000,282.000000,271.750000,275.700012,275.700012,21322969
2018-09-11,277.250000,278.850006,265.700012,267.299988,267.299988,13444031
2018-09-12,268.200012,268.200012,258.850006,262.399994,262.399994,14456273
2018-09-14,265.000000,269.600006,263.399994,266.600006,266.600006,10710620
2018-09-17,263.350006,264.100006,259.649994,260.250000,260.250000,9461420
2018-09-18,257.750000,259.799988,250.600006,251.500000,251.500000,11554420
2018-09-19,253.550003,255.000000,251.000000,252.600006,252.600006,7845650
2018-09-21,255.050003,257.700012,228.850006,250.350006,250.350006,18547453
2018-09-24,250.199997,251.000000,239.350006,240.199997,240.199997,8889259
2018-09-25,241.000000,243.500000,235.449997,240.800003,240.800003,9030367
2018-09-26,242.300003,243.199997,229.550003,233.350006,233.350006,17810869
2018-09-27,234.800003,236.550003,223.100006,225.250000,225.250000,17430781
2018-09-28,227.899994,230.699997,219.500000,223.699997,223.699997,14196824
2018-10-01,225.000000,230.449997,220.000000,229.350006,229.350006,9743094
2018-10-03,230.000000,232.800003,225.800003,227.600006,227.600006,9094685
2018-10-04,224.000000,230.800003,221.750000,223.250000,223.250000,13898979
2018-10-05,222.750000,226.449997,214.750000,216.250000,216.250000,10471026
2018-10-08,217.800003,218.500000,208.100006,212.350006,212.350006,11854170
2018-10-09,205.699997,206.000000,170.300003,184.350006,184.350006,142760251
2018-10-10,186.000000,190.949997,185.050003,188.750000,188.750000,35670907
2018-10-11,180.649994,187.750000,178.000000,182.949997,182.949997,19323517
2018-10-12,185.949997,188.399994,182.600006,183.750000,183.750000,18014894
2018-10-15,186.500000,186.500000,182.699997,184.350006,184.350006,11658409
2018-10-16,185.199997,187.250000,184.550003,185.850006,185.850006,9695745
2018-10-17,187.600006,187.800003,179.100006,179.949997,179.949997,12004524
2018-10-19,178.949997,179.750000,174.000000,174.699997,174.699997,10469358
2018-10-22,176.399994,176.850006,170.050003,170.750000,170.750000,11721075
2018-10-23,170.000000,175.699997,169.550003,170.649994,170.649994,15588511
2018-10-24,173.899994,175.000000,169.000000,170.649994,170.649994,15421903
2018-10-25,168.949997,169.750000,164.600006,165.350006,165.350006,14877057
2018-10-26,166.000000,172.800003,165.899994,168.500000,168.500000,19584723
2018-10-29,169.949997,176.500000,167.699997,175.350006,175.350006,14171750
2018-10-30,177.000000,181.500000,176.050003,177.250000,177.250000,15602414
2018-10-31,178.300003,180.000000,173.449997,179.100006,179.100006,12579712
2018-11-01,182.000000,186.050003,178.199997,179.449997,179.449997,28947802
2018-11-02,180.949997,191.850006,180.899994,190.300003,190.300003,29425248
2018-11-05,191.300003,191.300003,186.649994,189.800003,189.800003,14818506
2018-11-06,192.449997,199.949997,191.750000,193.250000,193.250000,35339222
2018-11-07,194.949997,195.750000,193.350006,194.850006,194.850006,3932893
2018-11-09,192.899994,200.750000,192.000000,195.250000,195.250000,22341961
2018-11-12,194.449997,194.449997,185.199997,186.050003,186.050003,20789180
2018-11-13,180.750000,183.000000,178.350006,179.500000,179.500000,22187634
2018-11-14,180.500000,183.000000,176.250000,176.800003,176.800003,15795883
2018-11-15,178.000000,182.699997,177.500000,180.199997,180.199997,18740276
2018-11-16,180.899994,181.850006,177.850006,179.899994,179.899994,10022823
2018-11-19,180.600006,185.500000,179.100006,184.600006,184.600006,14522581
2018-11-20,184.050003,188.300003,183.199997,183.750000,183.750000,13114982
2018-11-21,184.399994,186.750000,183.750000,184.149994,184.149994,8097107
2018-11-22,185.500000,186.149994,181.750000,182.550003,182.550003,9135857
2018-11-26,183.899994,184.449997,177.000000,181.750000,181.750000,9865426
2018-11-27,181.699997,184.550003,178.550003,180.050003,180.050003,11639680
2018-11-28,181.000000,181.350006,174.000000,174.449997,174.449997,12504717
2018-11-29,175.949997,179.350006,173.449997,177.250000,177.250000,20892744
2018-11-30,172.000000,174.899994,170.350006,171.949997,171.949997,18393012
2018-12-03,173.250000,176.449997,170.000000,175.449997,175.449997,14068885
2018-12-04,177.949997,178.750000,175.300003,175.750000,175.750000,11481923
2018-12-05,173.000000,173.000000,168.600006,169.199997,169.199997,14960527
2018-12-06,168.500000,168.699997,161.600006,162.649994,162.649994,15428019
2018-12-07,162.250000,164.199997,160.800003,162.399994,162.399994,13545006
2018-12-10,159.899994,160.500000,156.500000,157.100006,157.100006,13520495
2018-12-11,155.000000,159.500000,154.649994,158.100006,158.100006,12094881
2018-12-12,159.500000,167.100006,158.000000,164.100006,164.100006,22461175
2018-12-13,166.000000,168.000000,165.550003,166.850006,166.850006,12235499
2018-12-14,166.000000,168.399994,164.850006,166.949997,166.949997,10091732
2018-12-17,167.250000,175.949997,167.250000,173.949997,173.949997,28526103
2018-12-18,174.000000,177.600006,173.100006,174.750000,174.750000,18015933
2018-12-19,176.500000,176.500000,172.500000,173.899994,173.899994,11540042
2018-12-20,173.000000,177.300003,171.750000,176.399994,176.399994,15819006
2018-12-21,177.000000,180.500000,175.149994,176.250000,176.250000,23742481
2018-12-24,176.250000,177.850006,171.500000,172.500000,172.500000,11374468
2018-12-26,171.449997,172.199997,167.600006,170.899994,170.899994,12044191
2018-12-27,172.750000,173.399994,167.699997,168.250000,168.250000,15231581
2018-12-28,169.399994,172.199997,169.149994,170.850006,170.850006,8669584
2018-12-31,172.449997,173.899994,171.750000,172.699997,172.699997,8511388
2019-01-01,173.500000,174.199997,171.300003,173.449997,173.449997,6715543
2019-01-02,170.600006,171.750000,168.000000,168.550003,168.550003,13410104
2019-01-03,169.000000,170.149994,165.100006,166.050003,166.050003,9321842
2019-01-04,169.000000,171.949997,168.500000,170.949997,170.949997,17650435
2019-01-07,173.199997,178.199997,173.199997,175.350006,175.350006,21438351
2019-01-08,176.100006,180.500000,176.100006,179.949997,179.949997,20128985
2019-01-09,181.500000,183.600006,180.199997,183.050003,183.050003,17468948
2019-01-10,183.649994,186.850006,183.550003,185.750000,185.750000,16961888
2019-01-11,186.550003,187.750000,179.399994,180.300003,180.300003,25902974
2019-01-14,180.300003,198.300003,177.449997,182.399994,182.399994,18935120
2019-01-15,183.300003,185.800003,181.250000,185.350006,185.350006,13536578
2019-01-16,186.000000,187.350006,184.050003,185.449997,185.449997,11874245
2019-01-17,186.000000,187.300003,183.399994,184.899994,184.899994,9365756
2019-01-18,185.649994,185.649994,181.300003,183.300003,183.300003,6797621
2019-01-21,184.300003,184.949997,180.649994,181.500000,181.500000,6918258
2019-01-22,181.500000,181.500000,175.949997,180.850006,180.850006,9775717
2019-01-23,181.699997,182.699997,178.550003,180.250000,180.250000,9778926
2019-01-24,180.000000,180.300003,173.699997,175.399994,175.399994,13461254
2019-01-25,175.949997,178.899994,171.949997,173.250000,173.250000,12136892
2019-01-28,173.300003,175.350006,169.399994,172.300003,172.300003,8167430
2019-01-29,172.350006,174.899994,170.899994,173.600006,173.600006,6141180
2019-01-30,174.300003,176.750000,173.300003,174.600006,174.600006,7757847
2019-01-31,175.800003,183.899994,175.800003,181.199997,181.199997,22277646
2019-02-01,182.000000,185.899994,179.550003,181.649994,181.649994,14931422
2019-02-04,181.000000,183.699997,178.199997,180.250000,180.250000,11854351
2019-02-05,180.699997,181.149994,174.699997,175.800003,175.800003,12064096
2019-02-06,176.000000,179.449997,171.899994,178.500000,178.500000,10334594
2019-02-07,179.000000,185.000000,178.899994,182.850006,182.850006,16152722
2019-02-08,164.600006,164.600006,129.000000,150.699997,150.699997,102256857
2019-02-11,150.149994,153.250000,145.850006,152.649994,152.649994,26161867
2019-02-12,152.949997,154.399994,150.600006,151.800003,151.800003,14174912
2019-02-14,155.949997,161.000000,153.800003,159.850006,159.850006,16348306
2019-02-15,159.800003,162.300003,153.149994,161.649994,161.649994,20705576
2019-02-18,162.800003,163.449997,159.199997,162.899994,162.899994,13503666
2019-02-19,164.000000,165.949997,161.550003,163.750000,163.750000,14533142
2019-02-20,164.449997,166.699997,163.750000,164.800003,164.800003,11610728
2019-02-21,165.600006,170.600006,165.100006,169.699997,169.699997,14811723
2019-02-22,170.000000,175.300003,167.850006,174.300003,174.300003,13011477
2019-02-25,175.149994,177.500000,173.500000,175.750000,175.750000,15554532
2019-02-26,173.000000,183.449997,172.500000,182.649994,182.649994,31859427
2019-02-27,183.550003,186.100006,176.100006,177.350006,177.350006,19723906
2019-02-28,180.000000,181.550003,176.600006,177.449997,177.449997,18692372
2019-03-01,178.649994,184.000000,177.350006,180.300003,180.300003,20539919
2019-03-05,183.800003,198.350006,181.399994,194.050003,194.050003,58138551
2019-03-06,195.399994,195.399994,187.750000,188.800003,188.800003,22468702
2019-03-07,191.399994,193.449997,187.800003,189.300003,189.300003,27051501
2019-03-08,187.800003,187.949997,180.000000,181.199997,181.199997,28012914
2019-03-11,182.000000,184.600006,181.050003,181.850006,181.850006,25669662
2019-03-12,184.399994,186.000000,183.550003,184.800003,184.800003,18657724
2019-03-13,184.449997,184.899994,180.399994,181.699997,181.699997,9769821
