Date,Open,High,Low,Close,Adj Close,Volume
2016-03-16,1157.500000,1166.000000,1153.449951,1163.530029,1063.671143,1918246
2016-03-17,1167.000000,1180.900024,1166.000000,1176.030029,1075.098633,2221088
2016-03-18,1180.000000,1215.000000,1180.000000,1212.930054,1108.831543,3204070
2016-03-21,1213.000000,1227.469971,1210.000000,1223.119995,1118.147461,2336982
2016-03-22,1221.000000,1242.500000,1218.250000,1236.550049,1130.424683,1951984
2016-03-23,1243.949951,1243.949951,1228.650024,1236.900024,1130.744507,2278434
2016-03-28,1245.500000,1258.569946,1230.780029,1236.699951,1130.561646,3320882
2016-03-29,1239.000000,1243.469971,1227.500000,1234.699951,1128.733154,1838796
2016-03-30,1235.449951,1252.500000,1230.000000,1244.750000,1137.920776,2136504
2016-03-31,1239.150024,1275.000000,1236.069946,1260.150024,1151.998779,4363964
2016-04-01,1252.500000,1260.430054,1217.050049,1226.949951,1121.648438,3041400
2016-04-04,1228.000000,1244.000000,1223.500000,1235.619995,1129.574463,1752352
2016-04-05,1235.400024,1242.449951,1221.030029,1231.380005,1125.698364,1491794
2016-04-06,1235.000000,1244.500000,1229.680054,1240.949951,1134.446777,1763150
2016-04-07,1240.000000,1242.349976,1228.500000,1235.400024,1129.373291,2390942
2016-04-08,1233.000000,1236.849976,1213.500000,1216.030029,1111.665527,1399500
2016-04-11,1216.500000,1258.500000,1206.500000,1253.319946,1145.755127,2400648
2016-04-12,1249.000000,1262.500000,1244.050049,1259.069946,1151.011719,1303628
2016-04-13,1265.000000,1272.500000,1256.250000,1263.099976,1154.695923,1601468
2016-04-18,1226.500000,1276.750000,1220.000000,1259.880005,1151.752197,7121504
2016-04-20,1267.449951,1267.449951,1220.000000,1225.180054,1120.030273,6405024
2016-04-21,1225.500000,1233.699951,1206.099976,1212.199951,1108.164185,2525724
2016-04-22,1209.500000,1217.699951,1202.099976,1208.530029,1104.809204,1964126
2016-04-25,1201.150024,1228.530029,1201.150024,1225.619995,1120.432495,2267654
2016-04-26,1224.500000,1246.750000,1221.000000,1244.900024,1138.057861,2554368
2016-04-27,1240.000000,1257.300049,1237.949951,1255.550049,1147.794067,1848670
2016-04-28,1250.650024,1270.000000,1249.050049,1263.880005,1155.408936,4992744
2016-04-29,1258.500000,1271.000000,1255.000000,1267.750000,1158.946777,2372178
2016-05-02,1264.500000,1265.000000,1250.000000,1263.349976,1154.924438,1116692
2016-05-03,1262.500000,1265.000000,1236.000000,1239.050049,1132.710083,2153118
2016-05-04,1236.949951,1247.030029,1228.500000,1239.000000,1132.664307,1364892
2016-05-05,1239.000000,1244.969971,1231.780029,1235.150024,1129.144775,1246566
2016-05-06,1232.500000,1242.150024,1215.500000,1236.699951,1130.561646,885598
2016-05-09,1236.699951,1259.000000,1228.199951,1256.280029,1148.461182,1821276
2016-05-10,1257.500000,1266.969971,1248.000000,1261.449951,1153.187500,1158534
2016-05-11,1250.000000,1262.800049,1245.000000,1259.150024,1151.084961,1598716
2016-05-12,1260.280029,1284.949951,1260.280029,1283.099976,1172.979492,1513082
2016-05-13,1282.500000,1283.000000,1255.069946,1261.699951,1153.415771,1621730
2016-05-16,1269.000000,1282.400024,1261.250000,1275.569946,1166.095581,1111526
2016-05-17,1282.099976,1295.619995,1276.000000,1285.099976,1174.807617,1756698
2016-05-18,1282.930054,1282.930054,1263.030029,1275.550049,1166.077637,1500740
2016-05-19,1277.500000,1280.000000,1263.050049,1278.469971,1168.746704,1038792
2016-05-20,1271.150024,1282.900024,1261.400024,1264.650024,1156.113037,1230918
2016-05-23,1272.000000,1272.949951,1240.099976,1245.719971,1138.807373,1533016
2016-05-24,1242.000000,1244.119995,1229.800049,1233.849976,1127.956177,1339158
2016-05-25,1240.500000,1266.469971,1240.500000,1263.219971,1154.805542,1548678
2016-05-26,1265.000000,1282.449951,1252.550049,1274.349976,1164.980469,1943248
2016-05-27,1276.569946,1289.930054,1275.300049,1286.319946,1175.922974,1104676
2016-05-30,1291.500000,1320.969971,1291.000000,1318.199951,1205.067017,1349464
2016-05-31,1320.000000,1323.500000,1281.000000,1284.699951,1174.442139,3722608
2016-06-01,1285.599976,1322.500000,1285.500000,1316.780029,1203.768921,1911942
2016-06-02,1300.000000,1327.150024,1300.000000,1325.069946,1211.347412,1408756
2016-06-03,1325.699951,1329.000000,1310.250000,1314.780029,1201.940552,1554922
2016-06-06,1310.250000,1319.500000,1301.599976,1306.250000,1219.179321,1322026
2016-06-07,1307.000000,1319.500000,1306.500000,1315.569946,1227.878052,1202194
2016-06-08,1308.619995,1314.280029,1302.750000,1306.550049,1219.459351,938266
2016-06-09,1311.199951,1311.199951,1277.599976,1288.619995,1202.724609,1562138
2016-06-10,1283.000000,1301.619995,1276.599976,1277.880005,1192.700195,1396832
2016-06-13,1270.000000,1276.680054,1259.000000,1273.500000,1188.612427,1029978
2016-06-14,1279.469971,1279.469971,1259.119995,1267.430054,1182.946899,977570
2016-06-15,1265.000000,1282.449951,1261.000000,1278.430054,1193.213989,1270844
2016-06-16,1272.780029,1282.349976,1258.219971,1279.150024,1193.885742,1145070
2016-06-17,1279.500000,1305.000000,1279.500000,1301.300049,1214.559326,1878988
2016-06-20,1301.300049,1334.000000,1295.900024,1329.650024,1241.019653,1872838
2016-06-21,1331.750000,1332.500000,1320.699951,1325.599976,1237.239380,1027690
2016-06-22,1325.000000,1338.849976,1315.880005,1333.819946,1244.911621,1761712
2016-06-23,1327.500000,1329.750000,1312.650024,1322.680054,1234.514282,1397014
2016-06-24,1282.569946,1296.599976,1257.069946,1286.969971,1201.184326,3766586
2016-06-27,1273.500000,1273.500000,1241.319946,1247.930054,1164.746704,4272566
2016-06-28,1247.930054,1251.449951,1229.199951,1231.969971,1149.850708,4499524
2016-06-29,1237.500000,1256.250000,1232.650024,1251.449951,1168.031982,2531264
2016-06-30,1261.000000,1281.449951,1250.180054,1276.550049,1191.459229,5121812
2016-07-01,1281.000000,1282.300049,1247.180054,1250.430054,1167.080322,2197296
2016-07-04,1258.000000,1262.930054,1241.000000,1247.099976,1163.972168,1883484
2016-07-05,1247.099976,1248.530029,1238.569946,1242.650024,1159.818970,1559748
2016-07-07,1243.849976,1245.930054,1212.500000,1214.900024,1133.918457,3316800
2016-07-08,1217.500000,1221.030029,1201.750000,1213.300049,1132.425293,2456356
2016-07-11,1215.000000,1235.900024,1213.500000,1232.069946,1149.943970,1543632
2016-07-12,1235.849976,1237.500000,1217.930054,1232.469971,1150.317383,1465536
2016-07-13,1239.000000,1249.619995,1225.619995,1246.550049,1163.458862,2102300
2016-07-14,1243.000000,1264.500000,1235.500000,1260.949951,1176.898804,2699988
2016-07-15,1258.500000,1263.900024,1213.280029,1222.680054,1141.180054,8336366
2016-07-18,1223.500000,1234.500000,1215.300049,1216.719971,1135.617310,2598850
2016-07-19,1213.750000,1236.400024,1213.750000,1233.099976,1150.905029,2362896
2016-07-20,1225.000000,1251.250000,1224.069946,1247.469971,1164.317383,2815252
2016-07-21,1244.750000,1259.750000,1232.219971,1253.030029,1169.507202,2527148
2016-07-22,1249.449951,1262.000000,1246.000000,1257.550049,1173.725586,1517216
2016-07-25,1256.000000,1281.599976,1252.900024,1279.469971,1200.389038,1688796
2016-07-26,1279.469971,1284.000000,1266.500000,1276.300049,1197.414917,2311290
2016-07-27,1277.500000,1290.199951,1272.500000,1288.780029,1209.123657,1750510
2016-07-28,1290.250000,1314.780029,1288.530029,1309.619995,1228.675537,4632080
2016-07-29,1307.000000,1317.449951,1299.500000,1309.650024,1228.703857,2488084
2016-08-01,1316.000000,1362.500000,1316.000000,1354.119995,1270.425171,3961704
2016-08-02,1351.449951,1357.849976,1344.900024,1349.599976,1266.184326,2578162
2016-08-03,1343.000000,1349.500000,1324.530029,1328.150024,1246.060181,2294702
2016-08-04,1335.000000,1341.469971,1318.119995,1326.000000,1244.043091,1415416
2016-08-05,1336.949951,1342.150024,1316.000000,1324.550049,1242.682861,1868484
2016-08-08,1320.000000,1334.000000,1314.530029,1324.750000,1242.870605,2058244
2016-08-09,1329.000000,1329.900024,1289.430054,1325.099976,1243.198730,2261914
2016-08-10,1325.500000,1341.000000,1324.000000,1337.699951,1255.019897,2062078
2016-08-11,1332.780029,1357.500000,1332.780029,1354.949951,1271.203735,2233138
2016-08-12,1352.500000,1372.400024,1351.030029,1369.219971,1284.591797,2327358
2016-08-16,1369.000000,1370.000000,1336.930054,1345.849976,1262.666260,3183754
2016-08-17,1349.500000,1349.500000,1309.000000,1312.280029,1231.171021,1848566
2016-08-18,1317.500000,1328.780029,1315.050049,1319.280029,1237.738403,1292064
2016-08-19,1320.000000,1323.219971,1300.000000,1301.750000,1221.291870,2416244
2016-08-22,1294.000000,1297.219971,1268.150024,1274.349976,1195.585693,2265274
2016-08-23,1272.469971,1302.469971,1270.099976,1300.530029,1220.147461,1503374
2016-08-24,1294.900024,1301.000000,1284.530029,1286.030029,1206.543213,1116878
2016-08-25,1290.000000,1294.849976,1263.000000,1275.530029,1196.692505,1939690
2016-08-26,1279.900024,1286.280029,1258.599976,1262.469971,1184.439697,1250314
2016-08-29,1267.469971,1267.469971,1233.380005,1250.280029,1173.003296,1488728
2016-08-30,1255.000000,1274.900024,1250.619995,1272.069946,1193.446289,1444026
2016-08-31,1275.000000,1275.000000,1250.430054,1255.650024,1178.041138,3231668
2016-09-01,1262.449951,1267.469971,1243.530029,1253.750000,1176.258789,1345736
2016-09-02,1256.000000,1259.699951,1248.030029,1257.400024,1179.683350,1742330
2016-09-06,1259.949951,1260.069946,1240.000000,1242.030029,1165.263062,2239066
2016-09-07,1249.849976,1249.849976,1211.500000,1220.280029,1144.857422,3854040
2016-09-08,1180.000000,1180.000000,1142.380005,1161.050049,1089.288452,7021516
2016-09-09,1164.849976,1183.319946,1160.030029,1176.219971,1103.520752,2742438
2016-09-12,1168.500000,1181.969971,1162.000000,1179.530029,1106.626099,2024454
2016-09-14,1181.000000,1188.800049,1155.000000,1164.219971,1092.262207,2069858
2016-09-15,1169.969971,1171.050049,1158.380005,1163.469971,1091.558594,2818964
2016-09-16,1168.349976,1188.000000,1160.000000,1180.849976,1107.864502,4358004
2016-09-19,1182.500000,1213.500000,1175.000000,1205.719971,1131.197388,2802546
2016-09-20,1205.500000,1208.449951,1192.699951,1203.250000,1128.880005,1184552
2016-09-21,1203.849976,1212.000000,1200.349976,1206.699951,1132.116821,1678020
2016-09-22,1212.619995,1214.000000,1185.550049,1189.000000,1115.510742,2857574
2016-09-23,1191.000000,1201.930054,1185.569946,1199.050049,1124.939575,1800726
2016-09-26,1200.550049,1209.550049,1197.500000,1200.550049,1126.346924,1753476
2016-09-27,1200.550049,1224.000000,1200.550049,1218.050049,1142.765259,2038792
2016-09-28,1215.500000,1218.750000,1207.599976,1211.530029,1136.648315,1731328
2016-09-29,1217.500000,1228.250000,1209.800049,1218.900024,1143.562622,3603958
2016-09-30,1218.530029,1224.900024,1211.550049,1215.400024,1140.279175,2175364
2016-10-03,1225.000000,1228.819946,1200.550049,1205.849976,1131.319336,1818880
2016-10-04,1210.000000,1212.530029,1199.000000,1202.569946,1128.241943,1780718
2016-10-05,1204.000000,1207.699951,1188.050049,1193.180054,1119.432617,1176354
2016-10-06,1197.500000,1201.199951,1186.380005,1194.380005,1120.558350,2267572
2016-10-07,1194.000000,1194.000000,1179.099976,1183.900024,1110.725952,1816512
2016-10-10,1184.949951,1193.449951,1177.530029,1190.150024,1116.589600,1202142
2016-10-13,1181.650024,1184.949951,1160.449951,1164.449951,1092.478027,5173334
2016-10-14,1157.500000,1193.500000,1145.500000,1183.099976,1109.975464,7741214
2016-10-17,1184.449951,1187.900024,1172.199951,1181.219971,1108.211426,2728346
2016-10-18,1188.000000,1207.849976,1177.400024,1200.099976,1125.924561,2128632
2016-10-19,1200.500000,1205.000000,1185.150024,1197.550049,1123.532227,1985058
2016-10-20,1198.449951,1204.680054,1193.000000,1200.569946,1126.365601,1265854
2016-10-21,1200.000000,1215.949951,1199.119995,1214.319946,1139.265625,1259660
2016-10-24,1214.099976,1217.449951,1201.280029,1213.849976,1144.953491,1253190
2016-10-25,1202.500000,1207.300049,1190.500000,1199.219971,1131.153931,1772466
2016-10-26,1199.300049,1201.380005,1186.250000,1198.119995,1130.116455,1437130
2016-10-27,1189.849976,1214.750000,1182.750000,1209.050049,1140.426025,2941602
2016-10-28,1205.000000,1207.550049,1194.000000,1199.349976,1131.276489,1752102
2016-11-01,1199.849976,1199.849976,1167.069946,1175.000000,1108.308472,2934776
2016-11-02,1170.500000,1172.000000,1147.500000,1152.030029,1086.642456,2325076
2016-11-03,1147.000000,1167.500000,1142.250000,1159.719971,1093.895874,1463310
2016-11-04,1160.000000,1168.069946,1147.000000,1165.280029,1099.140381,1183752
2016-11-07,1168.949951,1172.449951,1130.030029,1138.530029,1073.908447,2048052
2016-11-08,1140.219971,1153.500000,1130.000000,1141.599976,1076.804077,1933634
2016-11-09,1090.000000,1137.500000,1071.430054,1084.930054,1023.350769,4500226
2016-11-10,1102.400024,1108.750000,1070.400024,1077.719971,1016.550110,2172426
2016-11-11,1073.530029,1073.530029,1043.099976,1050.569946,990.940979,2398424
2016-11-15,1058.449951,1078.780029,1025.949951,1060.650024,1000.448914,6290324
2016-11-16,1072.550049,1104.449951,1069.000000,1094.800049,1032.660645,4019958
2016-11-17,1092.500000,1104.300049,1065.069946,1068.599976,1007.947815,2504688
2016-11-18,1071.000000,1075.000000,1052.099976,1062.550049,1002.241211,2140534
2016-11-21,1063.099976,1070.000000,1052.500000,1066.449951,1005.919617,1793366
2016-11-22,1066.000000,1088.719971,1061.030029,1067.500000,1006.910339,1318860
2016-11-23,1074.500000,1081.469971,1063.599976,1078.180054,1016.984009,1275808
2016-11-24,1077.449951,1103.800049,1068.500000,1094.219971,1032.113403,3026234
2016-11-25,1106.000000,1153.619995,1096.099976,1150.180054,1084.897461,4276148
2016-11-28,1147.000000,1159.719971,1125.949951,1141.300049,1076.521484,1924296
2016-11-29,1137.500000,1146.000000,1126.280029,1129.930054,1065.796753,1442296
2016-11-30,1132.500000,1147.380005,1121.150024,1138.030029,1073.437012,3445832
2016-12-01,1138.500000,1145.000000,1127.030029,1131.719971,1067.485352,1123052
2016-12-02,1129.000000,1135.400024,1102.599976,1110.930054,1047.875122,1998032
2016-12-05,1114.500000,1118.930054,1085.000000,1093.000000,1030.962891,2249526
2016-12-06,1095.000000,1101.969971,1084.949951,1091.180054,1029.246216,1593444
2016-12-07,1091.099976,1092.219971,1072.819946,1077.280029,1016.135071,2065706
2016-12-08,1080.250000,1099.500000,1080.000000,1097.880005,1035.565918,3239546
2016-12-09,1102.500000,1109.949951,1086.650024,1097.619995,1035.320557,1588718
2016-12-12,1097.400024,1108.800049,1081.500000,1104.099976,1041.432983,1311758
2016-12-13,1109.000000,1109.000000,1091.500000,1100.150024,1037.707153,2147534
2016-12-14,1107.000000,1112.349976,1094.500000,1103.800049,1041.149902,1870366
2016-12-15,1101.000000,1136.050049,1101.000000,1129.650024,1065.532715,4295410
2016-12-16,1138.500000,1145.000000,1126.000000,1141.319946,1076.540283,1987230
2016-12-19,1140.000000,1148.849976,1130.650024,1144.449951,1079.492554,1334210
2016-12-20,1146.000000,1172.500000,1143.530029,1169.650024,1103.262329,2922760
2016-12-21,1171.900024,1171.900024,1152.800049,1156.800049,1091.141724,2034902
2016-12-22,1153.000000,1162.500000,1143.099976,1153.849976,1088.359009,1868300
2016-12-23,1150.000000,1158.880005,1139.400024,1144.050049,1079.115356,1118954
2016-12-26,1133.000000,1150.800049,1133.000000,1146.550049,1081.473389,897408
2016-12-27,1140.750000,1165.000000,1140.750000,1161.699951,1095.763550,1294692
2016-12-28,1163.349976,1174.949951,1151.569946,1156.699951,1091.047241,1350418
2016-12-29,1151.500000,1179.949951,1151.500000,1175.849976,1109.110352,1963516
2016-12-30,1177.449951,1189.300049,1172.819946,1182.780029,1115.646973,1405748
2017-01-02,1183.300049,1187.550049,1176.199951,1180.680054,1113.666382,823132
2017-01-03,1180.619995,1185.849976,1171.650024,1184.119995,1116.910889,1475324
2017-01-04,1184.849976,1194.430054,1179.150024,1189.750000,1122.221313,1420066
2017-01-05,1192.000000,1194.969971,1160.199951,1167.199951,1100.951294,2216404
2017-01-06,1160.500000,1164.680054,1128.550049,1140.699951,1075.955444,3009896
2017-01-09,1137.500000,1155.650024,1128.500000,1151.849976,1086.472656,1854578
2017-01-10,1152.000000,1164.900024,1145.750000,1157.680054,1091.971924,1533914
2017-01-11,1157.500000,1164.800049,1140.099976,1162.199951,1096.235107,1931296
2017-01-12,1162.199951,1180.000000,1152.000000,1172.180054,1105.648682,2570374
2017-01-13,1174.000000,1178.969971,1118.930054,1124.650024,1060.816162,10235580
2017-01-16,1125.000000,1136.949951,1114.000000,1129.280029,1065.183716,3364808
2017-01-17,1127.449951,1143.900024,1126.400024,1139.380005,1074.710205,3009956
2017-01-18,1139.000000,1149.000000,1132.719971,1147.550049,1082.416748,3136574
2017-01-19,1147.500000,1147.569946,1141.469971,1145.500000,1080.483032,2251676
2017-01-20,1143.500000,1150.000000,1132.500000,1142.680054,1077.823242,2037246
2017-01-23,1132.500000,1156.750000,1129.900024,1153.349976,1094.111206,2318546
2017-01-24,1152.000000,1161.500000,1145.000000,1159.180054,1099.641602,2282638
2017-01-25,1161.300049,1180.000000,1159.030029,1176.500000,1116.072144,4111648
2017-01-27,1172.530029,1189.380005,1172.530029,1178.900024,1118.348877,2871658
2017-01-30,1170.500000,1175.969971,1159.069946,1166.449951,1106.538330,2577956
2017-01-31,1160.000000,1166.030029,1100.030029,1114.900024,1057.636230,4666804
2017-02-01,1110.000000,1119.969971,1077.780029,1083.949951,1028.275757,4864152
2017-02-02,1085.030029,1109.500000,1076.500000,1103.819946,1047.124878,6009482
2017-02-03,1104.849976,1121.500000,1095.500000,1116.280029,1058.945068,2153372
2017-02-06,1129.000000,1129.250000,1107.469971,1120.380005,1062.834595,2408910
2017-02-07,1122.000000,1126.300049,1113.000000,1122.300049,1064.656006,1814638
2017-02-08,1122.449951,1141.300049,1122.030029,1135.469971,1077.149536,2212584
2017-02-09,1137.500000,1164.000000,1135.099976,1158.650024,1099.138916,4033202
2017-02-10,1155.500000,1212.219971,1155.500000,1198.969971,1137.387817,5782160
2017-02-13,1198.000000,1214.500000,1191.180054,1207.119995,1145.119141,3819812
2017-02-14,1209.819946,1209.819946,1199.000000,1203.119995,1141.324707,2033328
2017-02-15,1198.500000,1214.000000,1187.550049,1206.849976,1144.863281,1924972
2017-02-16,1230.000000,1239.000000,1217.800049,1223.880005,1161.018677,4175680
2017-02-17,1236.000000,1237.800049,1201.000000,1203.949951,1142.112061,2723324
2017-02-20,1212.500000,1277.500000,1204.050049,1251.099976,1186.840210,3973948
2017-02-21,1257.000000,1262.949951,1227.569946,1232.680054,1169.366699,5501112
2017-02-22,1232.949951,1235.000000,1200.069946,1205.750000,1143.819824,4505496
2017-02-23,1207.500000,1246.619995,1207.500000,1240.900024,1177.164307,4853352
2017-02-27,1239.550049,1251.000000,1235.030029,1244.930054,1180.987305,2139892
2017-02-28,1244.750000,1245.000000,1225.000000,1233.119995,1169.783813,2354828
2017-03-01,1239.949951,1250.949951,1235.000000,1239.780029,1176.101929,1130374
2017-03-02,1243.349976,1255.000000,1235.030029,1250.719971,1186.479980,1544942
2017-03-03,1246.000000,1249.849976,1237.699951,1247.030029,1182.979492,1013970
2017-03-06,1240.000000,1242.000000,1227.280029,1236.250000,1172.753174,1400694
2017-03-07,1241.449951,1252.500000,1237.530029,1249.900024,1185.702026,1511672
2017-03-08,1251.000000,1260.000000,1246.099976,1256.099976,1191.583618,1791510
2017-03-09,1257.069946,1262.000000,1252.030029,1259.880005,1195.169434,858468
2017-03-10,1259.800049,1274.780029,1256.969971,1271.119995,1205.832153,1171420
2017-03-14,1278.400024,1293.569946,1275.530029,1283.750000,1217.813477,3402294
2017-03-15,1286.000000,1286.069946,1246.930054,1249.150024,1184.990479,3022496
2017-03-16,1253.000000,1263.500000,1253.000000,1260.449951,1195.710205,1571818
2017-03-17,1273.000000,1273.000000,1254.880005,1262.880005,1198.015503,2593152
2017-03-20,1262.969971,1262.969971,1233.000000,1240.000000,1176.310547,3487540
2017-03-21,1241.000000,1246.000000,1232.500000,1243.349976,1179.488403,3373700
2017-03-22,1240.069946,1248.000000,1234.969971,1239.469971,1175.807861,1888716
2017-03-23,1241.000000,1242.530029,1223.599976,1230.180054,1166.995117,2620638
2017-03-24,1234.900024,1234.900024,1211.650024,1213.599976,1151.266602,5099814
2017-03-27,1213.469971,1220.000000,1203.000000,1206.030029,1144.085449,2181270
2017-03-28,1205.000000,1221.699951,1205.000000,1214.969971,1152.566284,1153158
2017-03-29,1218.000000,1225.400024,1212.800049,1222.300049,1159.519653,1717764
2017-03-30,1222.449951,1232.500000,1217.500000,1220.500000,1157.812256,2986086
2017-03-31,1219.199951,1220.430054,1207.500000,1215.900024,1153.448608,1867044
2017-04-03,1217.500000,1217.500000,1204.099976,1205.849976,1143.914551,1196888
2017-04-05,1209.949951,1209.949951,1197.500000,1200.619995,1138.953125,2905568
2017-04-06,1200.000000,1205.000000,1196.280029,1200.030029,1138.393677,1720704
2017-04-07,1197.449951,1216.619995,1196.069946,1214.530029,1152.148926,2277012
2017-04-10,1216.000000,1224.500000,1202.500000,1211.119995,1148.913940,2543264
2017-04-11,1208.650024,1221.550049,1203.000000,1209.650024,1147.519653,1557784
2017-04-12,1211.250000,1214.000000,1191.500000,1196.619995,1135.158691,1050538
2017-04-13,1200.000000,1204.500000,1160.530029,1164.319946,1104.517578,2500472
2017-04-17,1165.199951,1166.449951,1147.569946,1157.430054,1097.981445,2270882
2017-04-18,1165.000000,1167.099976,1151.030029,1154.400024,1095.107178,1730620
2017-04-19,1131.750000,1174.349976,1126.400024,1149.569946,1090.525269,5626812
2017-04-20,1152.650024,1166.000000,1145.469971,1162.750000,1103.028442,1268842
2017-04-21,1164.550049,1167.819946,1150.500000,1155.400024,1096.055786,1161154
2017-04-24,1150.000000,1169.819946,1141.250000,1164.050049,1104.261475,2000020
2017-04-25,1164.000000,1172.219971,1151.349976,1155.750000,1096.388062,3148710
2017-04-26,1170.000000,1171.969971,1151.530029,1155.180054,1095.847290,2187438
2017-04-27,1153.030029,1163.900024,1138.819946,1151.319946,1092.185303,5773186
2017-04-28,1147.000000,1149.380005,1134.000000,1136.569946,1078.192871,2540510
2017-05-02,1147.000000,1151.000000,1140.000000,1144.949951,1086.142578,2382696
2017-05-03,1147.500000,1172.500000,1134.250000,1168.650024,1108.625366,3514406
2017-05-04,1174.969971,1175.000000,1154.400024,1165.050049,1105.210327,2708208
2017-05-05,1154.000000,1166.250000,1151.250000,1160.250000,1100.656860,1682474
2017-05-08,1160.500000,1173.699951,1158.849976,1171.219971,1111.063232,1071782
2017-05-09,1171.969971,1180.500000,1166.280029,1176.280029,1115.863281,1790270
2017-05-10,1177.500000,1178.069946,1158.000000,1166.219971,1106.320068,1206388
2017-05-11,1173.650024,1180.000000,1161.380005,1174.719971,1114.383545,2071302
2017-05-12,1171.650024,1184.949951,1160.030029,1180.319946,1119.695679,2314446
2017-05-15,1187.550049,1188.969971,1170.800049,1182.550049,1121.811646,1817604
2017-05-16,1190.000000,1217.500000,1186.719971,1214.569946,1152.186646,3601026
2017-05-17,1216.750000,1230.380005,1211.500000,1227.680054,1164.623291,2876198
2017-05-18,1225.000000,1286.000000,1221.119995,1268.099976,1202.967407,5138594
2017-05-19,1268.099976,1270.280029,1243.000000,1253.569946,1189.183716,1786044
2017-05-22,1255.000000,1276.880005,1255.000000,1265.680054,1200.671631,1663940
2017-05-23,1266.599976,1282.069946,1257.000000,1260.849976,1196.089600,2748596
2017-05-24,1267.400024,1285.000000,1264.819946,1279.569946,1213.848145,2534548
2017-05-25,1288.500000,1318.780029,1284.000000,1312.300049,1244.897095,4094094
2017-05-26,1312.500000,1313.430054,1282.319946,1289.119995,1222.907593,1362550
2017-05-29,1289.500000,1298.250000,1282.000000,1286.430054,1220.355835,1749290
2017-05-30,1280.000000,1287.969971,1262.500000,1275.550049,1210.034668,927634
2017-05-31,1266.500000,1286.250000,1264.000000,1273.300049,1207.900269,2502730
2017-06-01,1265.000000,1282.000000,1265.000000,1276.800049,1211.220581,1080064
2017-06-02,1278.119995,1295.930054,1276.250000,1282.449951,1216.580078,1355648
2017-06-05,1282.500000,1309.949951,1280.069946,1301.969971,1235.097778,1500188
2017-06-06,1315.500000,1354.469971,1315.000000,1348.000000,1278.763550,5946720
2017-06-07,1348.500000,1350.000000,1288.280029,1307.619995,1240.457397,4927776
2017-06-08,1299.000000,1302.469971,1257.750000,1260.800049,1196.042480,3330714
2017-06-09,1260.000000,1273.699951,1243.000000,1253.500000,1189.117188,3148034
2017-06-12,1248.500000,1256.449951,1235.199951,1243.599976,1179.725586,1626506
2017-06-13,1232.500000,1240.550049,1223.500000,1225.780029,1189.116333,1175414
2017-06-14,1227.500000,1238.000000,1227.500000,1235.099976,1198.157227,1489142
2017-06-15,1234.500000,1234.849976,1202.500000,1205.599976,1169.539673,2997198
2017-06-16,1207.469971,1217.500000,1193.250000,1199.849976,1163.961670,2450426
2017-06-19,1208.449951,1223.180054,1202.569946,1215.849976,1179.483032,1644742
2017-06-20,1215.500000,1224.500000,1190.150024,1222.500000,1185.934082,1670958
2017-06-21,1220.000000,1221.069946,1198.599976,1203.150024,1167.162964,1657818
2017-06-22,1204.500000,1215.500000,1192.500000,1197.430054,1161.614136,5775882
2017-06-23,1199.699951,1206.969971,1177.000000,1180.849976,1145.530029,1424756
2017-06-27,1175.300049,1192.349976,1165.800049,1171.430054,1136.391846,1974330
2017-06-28,1174.949951,1179.000000,1167.500000,1175.030029,1139.884155,1789726
2017-06-29,1179.500000,1186.030029,1161.550049,1166.619995,1131.725586,2471826
2017-06-30,1162.199951,1188.500000,1161.550049,1181.180054,1145.850220,1753848
2017-07-03,1178.699951,1191.530029,1171.550049,1186.800049,1151.302124,1475956
2017-07-04,1186.650024,1190.219971,1175.030029,1183.430054,1148.032837,1215134
2017-07-05,1180.400024,1182.500000,1172.500000,1178.000000,1142.765259,815856
2017-07-06,1179.500000,1180.949951,1170.050049,1173.780029,1138.671509,1026788
2017-07-07,1175.000000,1178.219971,1162.750000,1165.969971,1131.094849,1232090
2017-07-10,1203.000000,1222.449951,1189.469971,1217.469971,1181.054565,783608
2017-07-11,1213.000000,1257.400024,1213.000000,1237.900024,1200.873535,3537504
2017-07-12,1241.250000,1241.650024,1215.050049,1219.719971,1183.237427,2646450
2017-07-13,1222.500000,1236.000000,1213.300049,1223.199951,1186.613281,3131960
2017-07-14,1191.500000,1212.500000,1187.500000,1198.719971,1162.865479,4508432
2017-07-17,1198.849976,1211.050049,1191.099976,1197.719971,1161.895386,2211822
2017-07-18,1198.069946,1221.500000,1198.069946,1204.180054,1168.162231,1908002
2017-07-19,1207.750000,1230.000000,1207.550049,1224.800049,1188.165527,3915576
2017-07-20,1224.619995,1228.449951,1215.250000,1222.349976,1185.788818,1182504
2017-07-21,1217.449951,1250.000000,1217.280029,1245.599976,1208.343262,2148416
2017-07-24,1241.000000,1270.000000,1241.000000,1265.349976,1234.439819,2271402
2017-07-25,1262.880005,1290.000000,1259.199951,1285.750000,1254.341675,2678832
2017-07-26,1280.000000,1287.500000,1273.500000,1278.000000,1246.780884,1459826
2017-07-27,1271.099976,1292.400024,1233.250000,1240.849976,1210.538208,4255304
2017-07-28,1240.500000,1246.530029,1221.000000,1242.150024,1211.806641,1382752
2017-07-31,1235.500000,1259.500000,1231.500000,1245.900024,1215.465088,2019662
2017-08-01,1250.000000,1260.380005,1245.500000,1250.819946,1220.264648,1747460
2017-08-02,1250.000000,1254.000000,1231.000000,1236.900024,1206.684814,1251024
2017-08-03,1240.000000,1251.000000,1233.219971,1244.719971,1214.313843,1882548
2017-08-04,1245.400024,1264.150024,1244.000000,1261.400024,1230.586304,1387890
2017-08-07,1258.250000,1260.000000,1240.599976,1251.719971,1221.142822,1885520
2017-08-08,1256.000000,1264.300049,1248.150024,1251.530029,1220.957520,1073958
2017-08-09,1250.000000,1261.430054,1246.650024,1256.000000,1225.318237,992946
2017-08-10,1254.500000,1260.300049,1243.180054,1255.719971,1225.044922,1526172
2017-08-11,1249.949951,1267.500000,1241.500000,1248.030029,1217.542969,1394736
2017-08-14,1251.500000,1254.949951,1231.500000,1234.699951,1204.538574,786504
2017-08-16,1242.000000,1271.900024,1232.599976,1246.180054,1215.738037,1373340
2017-08-17,1250.349976,1252.500000,1231.050049,1242.819946,1212.460083,1752374
2017-08-18,1237.000000,1274.949951,1235.699951,1256.900024,1226.196045,2837356
2017-08-21,1252.750000,1274.500000,1247.150024,1264.400024,1233.512939,2304834
2017-08-22,1261.500000,1269.750000,1246.000000,1248.780029,1218.274658,1131326
2017-08-23,1252.500000,1258.400024,1236.569946,1244.719971,1214.313843,1562272
2017-08-24,1248.849976,1258.969971,1243.069946,1248.300049,1217.806274,1623908
2017-08-28,1252.300049,1252.699951,1230.500000,1243.650024,1213.269775,2036796
2017-08-29,1241.000000,1248.000000,1231.969971,1235.430054,1205.250854,1312602
2017-08-30,1240.500000,1245.000000,1230.050049,1242.280029,1211.933350,970782
2017-08-31,1242.500000,1252.199951,1233.319946,1248.180054,1217.689331,1784664
2017-09-01,1240.000000,1249.030029,1218.280029,1228.219971,1198.216797,1702330
2017-09-04,1226.550049,1230.500000,1219.000000,1228.099976,1198.099731,1062544
2017-09-05,1230.000000,1245.000000,1218.530029,1242.180054,1211.835815,1165994
2017-09-06,1234.069946,1237.430054,1225.000000,1226.599976,1196.636230,1228764
2017-09-07,1229.000000,1234.199951,1225.530029,1230.050049,1200.002197,870636
2017-09-08,1226.880005,1237.000000,1226.280029,1235.300049,1205.123901,1021134
2017-09-11,1235.599976,1241.469971,1225.000000,1227.219971,1197.241089,732764
2017-09-12,1236.949951,1248.500000,1228.500000,1244.219971,1213.826050,1396460
2017-09-13,1250.000000,1265.819946,1237.599976,1244.599976,1214.196655,1278980
2017-09-14,1241.000000,1248.800049,1235.949951,1243.469971,1213.094238,1081510
2017-09-15,1249.500000,1258.500000,1242.500000,1253.030029,1222.420898,2944072
2017-09-18,1252.469971,1259.469971,1244.619995,1249.530029,1219.006104,726600
2017-09-19,1252.500000,1252.500000,1245.750000,1249.119995,1218.606323,782754
2017-09-20,1257.000000,1257.000000,1237.150024,1246.780029,1216.323608,1334642
2017-09-21,1245.530029,1270.500000,1240.000000,1262.449951,1231.610596,2438740
2017-09-22,1259.949951,1263.449951,1246.000000,1251.800049,1221.220947,2435396
2017-09-25,1248.280029,1267.000000,1246.380005,1255.380005,1224.713379,1599558
2017-09-26,1255.000000,1263.199951,1233.000000,1237.319946,1207.094360,1449230
2017-09-27,1245.000000,1256.099976,1236.880005,1247.500000,1217.025879,2010356
2017-09-28,1247.349976,1257.000000,1226.000000,1238.219971,1207.972656,4332866
2017-09-29,1239.500000,1242.000000,1210.750000,1217.969971,1188.217163,1985014
2017-10-03,1220.000000,1227.150024,1213.530029,1224.219971,1194.314575,1923006
2017-10-04,1224.800049,1227.000000,1212.500000,1221.150024,1191.319580,1300778
2017-10-05,1220.500000,1221.719971,1212.199951,1214.800049,1185.124756,1684686
2017-10-06,1215.000000,1227.500000,1214.030029,1223.319946,1193.436646,1389188
2017-10-09,1220.530029,1233.969971,1220.530029,1227.050049,1197.075439,1773616
2017-10-10,1227.500000,1234.969971,1225.619995,1229.619995,1199.582764,1222010
2017-10-11,1230.000000,1257.219971,1228.380005,1250.180054,1219.640381,1527746
2017-10-12,1256.500000,1277.500000,1253.500000,1274.099976,1242.976074,5006356
2017-10-13,1274.099976,1304.469971,1261.500000,1279.300049,1248.049072,4066320
2017-10-16,1277.530029,1295.000000,1277.530029,1292.199951,1260.634033,1218590
2017-10-17,1292.500000,1307.469971,1288.780029,1297.280029,1265.589966,1443016
2017-10-18,1297.500000,1306.819946,1290.000000,1293.300049,1261.707153,1514144
2017-10-19,1296.000000,1297.900024,1285.500000,1291.949951,1260.390015,86822
2017-10-23,1292.000000,1314.500000,1273.719971,1293.949951,1262.341187,1886088
2017-10-24,1310.000000,1310.449951,1284.530029,1289.199951,1257.707153,1339020
2017-10-25,1289.250000,1307.000000,1277.500000,1279.949951,1255.500122,1105106
2017-10-26,1267.550049,1284.569946,1258.949951,1269.430054,1245.181274,3007552
2017-10-27,1269.000000,1296.569946,1265.150024,1292.150024,1267.467163,1409270
2017-10-30,1293.000000,1310.000000,1290.849976,1308.099976,1283.112427,1137252
2017-10-31,1300.650024,1320.000000,1300.650024,1312.000000,1286.937988,1592634
2017-11-01,1312.000000,1313.430054,1289.430054,1301.430054,1276.569824,741882
2017-11-02,1304.250000,1337.000000,1303.380005,1313.069946,1287.987427,1468422
2017-11-03,1316.199951,1318.349976,1301.400024,1310.050049,1285.025269,666886
2017-11-06,1310.000000,1335.900024,1305.880005,1332.780029,1307.321045,1377000
2017-11-07,1335.000000,1384.000000,1333.030029,1355.030029,1329.145996,2696892
2017-11-08,1361.500000,1379.500000,1359.119995,1367.500000,1341.377686,1402252
2017-11-09,1375.000000,1375.000000,1359.650024,1368.199951,1342.064453,1152432
2017-11-10,1361.099976,1363.000000,1346.680054,1354.380005,1328.508423,1356566
2017-11-13,1351.030029,1388.699951,1351.030029,1379.469971,1353.119141,1496996
2017-11-14,1378.280029,1378.280029,1353.750000,1357.300049,1331.372681,1657252
2017-11-15,1353.000000,1377.500000,1350.680054,1352.650024,1326.811523,6670834
2017-11-16,1355.000000,1381.500000,1343.469971,1373.319946,1347.086548,1653482
2017-11-17,1374.050049,1374.050049,1351.800049,1353.650024,1327.792480,1325464
2017-11-20,1357.500000,1363.449951,1347.650024,1351.719971,1325.899292,1014498
2017-11-21,1350.500000,1350.500000,1333.000000,1336.469971,1310.940674,1527740
2017-11-22,1336.500000,1354.849976,1336.199951,1340.319946,1314.717041,1822624
2017-11-23,1340.500000,1346.500000,1334.500000,1340.619995,1315.011230,793470
2017-11-24,1341.000000,1351.449951,1336.550049,1344.030029,1318.356323,2287512
2017-11-27,1344.000000,1347.949951,1331.099976,1342.930054,1317.277344,1856786
2017-11-28,1343.000000,1351.199951,1335.000000,1342.650024,1317.002563,911716
2017-11-29,1338.750000,1346.500000,1325.000000,1329.069946,1303.681885,1447532
2017-11-30,1326.819946,1333.469971,1311.500000,1318.500000,1293.313843,4299962
2017-12-01,1317.500000,1334.000000,1310.750000,1314.969971,1289.851196,1031144
2017-12-04,1311.000000,1329.250000,1301.469971,1316.180054,1291.038208,1259104
2017-12-05,1315.500000,1325.849976,1314.069946,1317.780029,1292.607544,1167914
2017-12-06,1318.000000,1322.500000,1306.430054,1316.650024,1291.499268,1407518
2017-12-07,1316.150024,1322.969971,1307.500000,1308.619995,1283.622437,1326300
2017-12-08,1309.000000,1322.500000,1298.500000,1300.750000,1275.902954,1385548
2017-12-11,1304.180054,1336.319946,1304.180054,1330.550049,1305.133789,1008002
2017-12-12,1330.500000,1331.000000,1303.699951,1306.069946,1281.121216,1882246
2017-12-13,1305.699951,1325.719971,1300.500000,1314.199951,1289.095947,2961458
2017-12-14,1316.000000,1316.000000,1265.550049,1278.900024,1254.470337,5504150
2017-12-15,1281.880005,1292.219971,1268.430054,1272.800049,1248.486938,2718138
2017-12-18,1268.500000,1294.469971,1247.180054,1290.250000,1265.603394,2180664
2017-12-19,1288.000000,1298.900024,1282.349976,1287.650024,1263.053101,1801952
2017-12-20,1291.000000,1296.380005,1275.319946,1294.469971,1269.742798,1577570
2017-12-21,1293.500000,1304.000000,1290.030029,1297.849976,1273.058350,1293648
2017-12-22,1302.000000,1331.949951,1295.099976,1323.380005,1298.100708,3665664
2017-12-26,1343.000000,1344.880005,1315.800049,1324.719971,1299.414917,2175786
2017-12-27,1324.719971,1329.250000,1305.250000,1309.949951,1284.927246,739284
2017-12-28,1304.400024,1326.750000,1302.819946,1313.469971,1288.379883,2605088
2017-12-29,1311.550049,1354.449951,1309.280029,1350.599976,1324.800537,2609542
2018-01-01,1341.150024,1347.400024,1317.500000,1322.800049,1297.531738,1351760
2018-01-02,1330.000000,1334.800049,1310.099976,1315.599976,1290.469116,1920290
2018-01-03,1316.000000,1334.500000,1315.599976,1319.319946,1294.118042,1257120
2018-01-04,1325.000000,1331.000000,1320.000000,1328.550049,1303.171875,913082
2018-01-05,1325.000000,1349.750000,1325.000000,1344.599976,1318.915283,1153706
2018-01-08,1350.000000,1363.430054,1340.930054,1357.199951,1331.274536,1242220
2018-01-09,1357.500000,1360.500000,1338.280029,1354.500000,1328.626099,2149396
2018-01-10,1355.500000,1408.000000,1347.319946,1403.300049,1376.493896,3365850
2018-01-11,1405.000000,1410.949951,1391.099976,1395.250000,1368.597656,2520744
2018-01-12,1402.500000,1402.500000,1370.280029,1388.180054,1361.662842,3360314
2018-01-15,1388.569946,1404.000000,1367.530029,1373.050049,1346.821899,1457214
2018-01-16,1378.000000,1430.819946,1375.280029,1425.430054,1398.201172,4267752
2018-01-17,1435.000000,1462.500000,1431.069946,1444.469971,1416.877441,4280806
2018-01-18,1448.500000,1466.500000,1434.030029,1459.099976,1431.227905,2209478
2018-01-19,1465.280029,1491.000000,1451.819946,1479.650024,1451.385498,1820000
2018-01-22,1480.500000,1567.349976,1461.000000,1558.199951,1535.700195,4367110
2018-01-23,1557.469971,1571.180054,1545.030029,1551.000000,1528.604004,3239610
2018-01-24,1545.000000,1629.530029,1541.319946,1587.300049,1564.380005,5621538
2018-01-25,1587.500000,1589.900024,1540.500000,1560.530029,1537.996582,3833844
2018-01-29,1565.699951,1612.500000,1561.000000,1599.430054,1576.334961,3141060
2018-01-30,1590.000000,1601.900024,1571.849976,1576.430054,1553.667114,1574758
2018-01-31,1568.500000,1575.000000,1549.300049,1556.180054,1533.709351,3043214
2018-02-01,1562.000000,1595.000000,1544.400024,1569.300049,1546.640015,2400630
2018-02-02,1560.000000,1595.000000,1551.719971,1576.819946,1554.051270,2456490
2018-02-05,1555.000000,1594.000000,1538.430054,1551.599976,1529.195435,2757742
2018-02-06,1505.000000,1538.569946,1492.500000,1498.619995,1476.980469,2657306
2018-02-07,1513.500000,1515.500000,1473.719971,1477.530029,1456.195068,2180324
2018-02-08,1489.880005,1513.800049,1479.500000,1487.099976,1465.626831,2755004
2018-02-09,1475.000000,1497.000000,1448.319946,1485.849976,1464.394775,2102458
2018-02-12,1489.150024,1511.680054,1477.780029,1483.650024,1462.226685,1974562
2018-02-14,1485.000000,1487.219971,1446.250000,1455.900024,1434.877319,2847532
2018-02-15,1465.969971,1471.500000,1452.550049,1462.930054,1441.805908,2465236
2018-02-16,1461.500000,1499.800049,1461.500000,1466.530029,1445.353882,2515756
2018-02-19,1472.500000,1476.650024,1447.599976,1461.800049,1440.692139,1568224
2018-02-20,1464.000000,1492.530029,1463.949951,1472.380005,1451.119385,1889068
2018-02-21,1487.000000,1531.300049,1480.030029,1521.150024,1499.185181,3089228
2018-02-22,1526.000000,1539.500000,1511.250000,1525.099976,1503.078125,3463010
2018-02-23,1525.000000,1544.500000,1496.050049,1537.900024,1515.693359,3362500
2018-02-26,1537.500000,1544.969971,1510.599976,1515.849976,1493.961670,1363882
2018-02-27,1520.500000,1539.280029,1516.000000,1521.180054,1499.214722,1717800
2018-02-28,1517.500000,1531.969971,1510.719971,1517.530029,1495.617432,2706864
2018-03-01,1524.500000,1530.599976,1510.000000,1518.849976,1496.918213,1718124
2018-03-05,1524.500000,1556.819946,1516.469971,1552.930054,1530.506226,2858168
2018-03-06,1561.000000,1563.500000,1515.069946,1521.400024,1499.431641,1906764
2018-03-07,1535.000000,1544.500000,1509.250000,1513.719971,1491.862305,1917772
2018-03-08,1527.449951,1527.449951,1493.750000,1501.969971,1480.281982,1951826
2018-03-09,1502.500000,1531.599976,1488.599976,1517.050049,1495.144531,1872436
2018-03-12,1521.500000,1541.949951,1517.750000,1526.069946,1504.034058,2091340
2018-03-13,1462.449951,1469.849976,1436.000000,1443.400024,1422.557739,88067154
2018-03-14,1446.469971,1461.530029,1437.530029,1443.449951,1422.607178,3668668
2018-03-15,1447.500000,1451.280029,1427.800049,1434.849976,1414.131226,2348906
2018-03-16,1434.400024,1436.000000,1402.500000,1412.849976,1392.448975,7197482
2018-03-19,1414.500000,1424.000000,1410.000000,1415.500000,1395.060669,3489940
2018-03-20,1410.000000,1436.599976,1409.500000,1432.430054,1411.746338,4024984
2018-03-21,1436.250000,1442.150024,1425.000000,1428.380005,1407.754639,3907678
2018-03-22,1429.969971,1437.969971,1411.280029,1415.680054,1395.238037,2326094
2018-03-23,1401.000000,1417.050049,1399.030029,1409.069946,1388.723511,3654122
2018-03-26,1409.500000,1413.699951,1390.780029,1408.500000,1388.161743,2964210
2018-03-27,1412.500000,1431.500000,1411.530029,1423.849976,1403.290161,2494574
2018-03-28,1417.949951,1437.500000,1412.500000,1424.569946,1403.999512,6865654
2018-04-02,1420.000000,1457.000000,1420.000000,1454.819946,1433.812866,1662988
2018-04-03,1446.050049,1464.949951,1446.050049,1455.619995,1434.601318,1937290
2018-04-04,1464.719971,1467.000000,1446.000000,1455.449951,1434.433716,2841820
2018-04-05,1463.280029,1481.880005,1460.180054,1478.969971,1457.614136,1809424
2018-04-06,1477.000000,1480.000000,1463.280029,1475.150024,1453.849365,1129018
2018-04-09,1469.849976,1481.750000,1457.500000,1461.949951,1440.839966,1235866
2018-04-10,1462.849976,1478.619995,1462.849976,1468.800049,1447.591064,1184532
2018-04-11,1475.300049,1512.500000,1472.800049,1507.069946,1485.308350,3124416
2018-04-12,1505.000000,1575.000000,1503.969971,1569.619995,1546.955322,6114360
2018-04-13,1575.000000,1620.400024,1566.050049,1576.650024,1553.883789,8179118
2018-04-16,1558.000000,1599.969971,1555.380005,1593.819946,1570.805786,6270274
2018-04-17,1593.819946,1597.469971,1573.599976,1583.300049,1560.437866,3301724
2018-04-18,1583.000000,1596.719971,1572.930054,1579.550049,1556.741943,2433066
2018-04-19,1589.949951,1608.599976,1582.880005,1595.569946,1572.530518,4820952
2018-04-20,1625.000000,1711.180054,1620.000000,1701.219971,1676.654907,18465662
2018-04-23,1712.000000,1778.949951,1694.780029,1704.319946,1679.710327,15185910
2018-04-24,1705.000000,1721.569946,1671.250000,1692.819946,1668.376099,8314336
2018-04-25,1692.500000,1741.500000,1682.530029,1735.119995,1710.065552,8196574
2018-04-26,1733.500000,1780.000000,1733.500000,1769.619995,1744.067261,12135034
2018-04-27,1762.500000,1772.000000,1710.000000,1725.969971,1701.047607,4501330
2018-04-30,1725.969971,1774.500000,1718.800049,1766.050049,1740.548828,3458558
2018-05-02,1765.250000,1766.099976,1735.650024,1749.880005,1724.612427,3158046
2018-05-03,1754.900024,1763.000000,1735.199951,1740.930054,1715.791626,3761550
2018-05-04,1746.000000,1748.500000,1735.000000,1740.380005,1715.249512,2347244
2018-05-07,1745.000000,1745.000000,1705.449951,1710.469971,1685.771362,3484426
2018-05-08,1717.349976,1743.250000,1698.349976,1720.599976,1695.755127,2992820
2018-05-09,1720.099976,1747.380005,1720.099976,1744.650024,1719.457886,2615050
2018-05-10,1751.469971,1755.569946,1720.099976,1725.619995,1700.702759,3858678
2018-05-11,1727.099976,1742.500000,1721.250000,1728.469971,1703.511475,2627876
2018-05-14,1728.500000,1735.500000,1705.400024,1716.780029,1691.990356,2433894
2018-05-15,1725.000000,1747.900024,1716.849976,1741.199951,1716.057861,1952890
2018-05-16,1739.969971,1754.500000,1737.619995,1746.949951,1721.724731,1648450
2018-05-17,1756.469971,1766.569946,1738.000000,1745.900024,1720.689941,2968048
2018-05-18,1740.400024,1758.849976,1729.000000,1751.030029,1725.745728,1874996
2018-05-21,1764.349976,1796.000000,1759.030029,1778.380005,1752.700806,3446178
2018-05-22,1779.000000,1787.469971,1746.849976,1754.449951,1729.116333,1857416
2018-05-23,1762.500000,1772.500000,1740.500000,1747.550049,1722.316040,1507298
2018-05-24,1755.000000,1807.500000,1751.180054,1801.849976,1775.831909,2962316
2018-05-25,1812.500000,1837.400024,1786.280029,1792.900024,1767.011230,3769772
2018-05-28,1808.250000,1808.250000,1743.000000,1751.030029,1725.745728,3716798
2018-05-29,1764.949951,1772.000000,1744.000000,1761.750000,1736.310913,3525312
2018-05-30,1754.530029,1766.500000,1741.250000,1757.050049,1731.678833,3779106
2018-05-31,1734.000000,1759.050049,1726.099976,1741.050049,1730.188232,5049371
2018-06-01,1754.000000,1757.500000,1716.300049,1732.449951,1721.641724,1603856
2018-06-04,1745.000000,1749.000000,1712.599976,1744.250000,1733.368164,1681483
2018-06-05,1744.000000,1751.900024,1711.150024,1721.599976,1710.859375,2449568
2018-06-06,1723.000000,1734.900024,1715.199951,1725.750000,1714.983521,2236512
2018-06-07,1725.000000,1749.000000,1723.800049,1735.550049,1724.722534,2414762
2018-06-08,1735.000000,1757.300049,1735.000000,1747.099976,1736.200317,2582138
2018-06-11,1747.099976,1763.000000,1743.000000,1749.699951,1738.784180,2179378
2018-06-12,1757.000000,1785.000000,1753.000000,1781.000000,1769.888916,4608875
2018-06-13,1816.000000,1831.650024,1798.000000,1824.099976,1812.720093,5370983
2018-06-14,1830.000000,1832.300049,1784.000000,1787.550049,1776.397949,3819998
2018-06-15,1800.000000,1847.099976,1788.599976,1840.050049,1828.570557,9183574
2018-06-18,1867.949951,1867.949951,1822.150024,1829.000000,1817.589478,4674987
2018-06-19,1822.150024,1839.000000,1821.000000,1824.500000,1813.117554,3245034
2018-06-20,1832.000000,1836.300049,1818.599976,1822.449951,1811.080322,3107695
2018-06-21,1832.000000,1832.000000,1817.599976,1819.349976,1807.999634,2910659
2018-06-22,1827.000000,1827.000000,1799.550049,1809.800049,1798.509399,2949458
2018-06-25,1811.900024,1822.349976,1806.000000,1819.250000,1807.900269,2083217
2018-06-26,1823.000000,1861.000000,1821.000000,1852.000000,1840.445923,4679712
2018-06-27,1860.000000,1885.150024,1851.250000,1858.000000,1846.408447,4081208
2018-06-28,1865.000000,1871.000000,1826.300049,1842.699951,1831.203979,4888125
2018-06-29,1844.900024,1867.400024,1842.300049,1847.750000,1836.222534,3506276
2018-07-02,1852.000000,1857.800049,1841.099976,1851.349976,1839.800049,2650290
2018-07-03,1859.949951,1879.900024,1857.050049,1874.050049,1862.358521,3242233
2018-07-04,1879.900024,1879.900024,1857.150024,1866.150024,1854.507690,2700614
2018-07-05,1873.000000,1887.500000,1862.099976,1880.300049,1868.569458,2472571
2018-07-06,1882.849976,1921.000000,1881.650024,1912.949951,1901.015625,3713781
2018-07-09,1924.000000,1924.400024,1876.500000,1883.000000,1871.252563,6151747
2018-07-10,1898.000000,1898.900024,1870.750000,1875.099976,1863.401733,5303302
2018-07-11,1900.000000,1998.000000,1894.150024,1979.900024,1967.548096,22903802
2018-07-12,1984.000000,1990.900024,1960.500000,1971.349976,1959.051392,6921701
2018-07-13,1975.000000,1997.900024,1974.000000,1981.099976,1968.740479,4148185
2018-07-16,1990.000000,1996.000000,1977.449951,1989.199951,1976.789917,2582159
2018-07-17,1989.000000,2009.000000,1981.000000,2002.150024,1993.668213,3315492
2018-07-18,2005.000000,2011.699951,1993.050049,2000.250000,1991.776367,2013869
2018-07-19,2002.099976,2010.449951,1970.000000,1981.400024,1973.006226,1746318
2018-07-20,1984.900024,2000.000000,1984.000000,1996.599976,1988.141846,1934995
2018-07-23,2001.000000,2009.949951,1986.000000,2005.650024,1997.153442,2086201
2018-07-24,2015.000000,2015.000000,1984.150024,1999.000000,1990.531616,2038423
2018-07-25,2001.900024,2002.000000,1968.400024,1981.500000,1973.105713,1535492
2018-07-26,1974.949951,1985.000000,1955.099976,1964.699951,1956.376953,3503036
2018-07-27,1960.849976,1964.650024,1940.300049,1943.750000,1935.515747,2033977
2018-07-30,1943.000000,1954.699951,1931.550049,1944.599976,1936.362061,1579251
2018-07-31,1942.000000,1947.000000,1928.000000,1940.199951,1931.980713,2204803
2018-08-01,1949.949951,1981.550049,1949.800049,1976.500000,1968.126953,2425180
2018-08-02,1980.000000,1985.000000,1945.000000,1948.400024,1940.145996,1509287
2018-08-03,1956.500000,1982.050049,1956.500000,1979.449951,1971.064331,1505131
2018-08-06,1997.000000,1998.949951,1972.250000,1975.550049,1967.180908,1532249
2018-08-07,1978.199951,1979.150024,1960.500000,1967.349976,1959.015625,1353560
2018-08-08,1972.000000,1978.300049,1962.000000,1974.000000,1965.637573,1315062
2018-08-09,1980.000000,1980.800049,1966.000000,1974.349976,1965.985962,2060297
2018-08-10,1980.949951,1996.500000,1972.050049,1993.099976,1984.656616,2784105
2018-08-13,1997.800049,2004.250000,1990.000000,2000.150024,1991.676758,3559575
2018-08-14,1992.000000,2024.599976,1982.400024,2003.550049,1995.062378,3311765
2018-08-16,2000.300049,2020.050049,1995.000000,2008.500000,1999.991333,2152065
2018-08-17,2013.849976,2021.900024,2004.000000,2012.750000,2004.223389,1213731
2018-08-20,2024.000000,2024.000000,2003.699951,2009.949951,2001.435181,1587032
2018-08-21,2010.150024,2024.000000,2004.000000,2017.650024,2009.102661,1376866
2018-08-23,2022.800049,2038.000000,2020.300049,2035.099976,2026.478638,3046791
2018-08-24,2035.099976,2046.000000,2031.000000,2043.000000,2034.345215,1570533
2018-08-27,2043.000000,2059.000000,2035.000000,2050.899902,2042.211670,1532702
2018-08-28,2055.000000,2072.000000,2052.000000,2069.199951,2060.434082,1987983
2018-08-29,2072.500000,2076.600098,2045.599976,2072.000000,2063.222412,1525867
2018-08-30,2068.000000,2085.000000,2065.500000,2082.399902,2073.578369,2408020
2018-08-31,2082.300049,2092.000000,2074.000000,2078.399902,2069.595215,2504554
2018-09-03,2084.800049,2090.000000,2048.399902,2052.899902,2044.203125,1439711
2018-09-04,2059.800049,2104.750000,2056.949951,2098.899902,2090.008301,4420803
2018-09-05,2100.000000,2107.250000,2075.050049,2079.250000,2070.441650,1681106
2018-09-06,2075.000000,2081.500000,2060.300049,2075.300049,2066.508545,2238097
2018-09-07,2079.300049,2084.000000,2065.399902,2079.850098,2071.039307,1312182
2018-09-10,2084.399902,2093.399902,2074.250000,2080.750000,2071.935303,1530539
2018-09-11,2089.000000,2089.000000,2042.199951,2046.250000,2037.581421,3679745
2018-09-12,2052.350098,2068.899902,2040.000000,2043.949951,2035.291138,2307661
2018-09-14,2044.000000,2071.550049,2018.150024,2065.399902,2056.650391,3642038
2018-09-17,2070.000000,2077.800049,2054.550049,2074.149902,2065.363281,1033857
2018-09-18,2073.000000,2078.800049,2057.600098,2070.750000,2061.977783,1456507
2018-09-19,2071.899902,2089.000000,2066.850098,2077.899902,2069.097168,1301268
2018-09-21,2077.000000,2121.000000,2050.149902,2103.149902,2094.240234,4508530
2018-09-24,2115.000000,2210.500000,2098.149902,2198.449951,2189.136719,3032226
2018-09-25,2204.899902,2211.899902,2153.800049,2183.199951,2173.951416,2868778
2018-09-26,2187.000000,2199.000000,2135.100098,2142.149902,2133.074951,1970951
2018-09-27,2141.899902,2209.699951,2135.800049,2188.850098,2179.577393,3311802
2018-09-28,2178.000000,2190.000000,2158.850098,2183.699951,2174.448975,2904371
2018-10-01,2190.899902,2275.949951,2190.350098,2255.550049,2245.994873,3772208
2018-10-03,2250.300049,2255.000000,2155.600098,2162.850098,2153.687744,3902322
2018-10-04,2156.600098,2156.649902,2056.350098,2064.800049,2056.052979,4762419
2018-10-05,2050.000000,2120.000000,2020.900024,2102.649902,2093.742432,3417624
2018-10-08,2102.649902,2122.199951,2048.149902,2077.550049,2068.748779,2010154
2018-10-09,2080.350098,2107.649902,2053.199951,2091.800049,2082.938477,1867130
2018-10-10,2100.000000,2105.949951,2029.000000,2043.599976,2034.942627,2749573
2018-10-11,1985.000000,2013.000000,1941.000000,1979.949951,1971.562256,4700256
2018-10-12,1978.000000,1978.000000,1903.000000,1918.300049,1910.173584,9373289
2018-10-15,1940.000000,1955.550049,1920.000000,1949.500000,1941.241333,2638151
2018-10-16,1958.000000,1971.900024,1935.000000,1962.300049,1953.987183,2815425
2018-10-17,1970.000000,1989.000000,1920.000000,1929.400024,1921.226440,2779207
2018-10-19,1929.000000,1929.000000,1870.050049,1913.199951,1905.095093,3428776
2018-10-22,1914.000000,1916.000000,1886.949951,1903.000000,1894.938354,1778496
2018-10-23,1888.000000,1898.000000,1837.000000,1843.650024,1839.706787,2752811
2018-10-24,1852.050049,1874.000000,1811.099976,1848.500000,1844.546387,2735913
2018-10-25,1844.000000,1876.900024,1825.050049,1853.000000,1849.036743,2507233
2018-10-26,1853.900024,1853.900024,1791.099976,1799.099976,1795.251953,2285970
2018-10-29,1808.699951,1877.949951,1784.349976,1871.000000,1866.998169,2609483
2018-10-30,1867.000000,1909.400024,1845.000000,1894.800049,1890.747314,2404883
2018-10-31,1900.000000,1943.900024,1875.449951,1938.150024,1934.004639,2769190
2018-11-01,1943.650024,1944.349976,1901.300049,1935.750000,1931.609741,2769759
2018-11-02,1934.199951,1954.599976,1905.000000,1913.449951,1909.357422,1818635
2018-11-05,1910.000000,1927.349976,1884.750000,1890.849976,1886.805786,1713366
2018-11-06,1894.000000,1937.500000,1891.000000,1932.699951,1928.566162,1398710
2018-11-07,1940.000000,1949.000000,1937.000000,1942.150024,1937.996094,144530
2018-11-09,1961.000000,1961.949951,1905.000000,1909.199951,1905.116455,2570479
2018-11-12,1908.500000,1946.099976,1908.500000,1914.849976,1910.754395,2552008
2018-11-13,1915.000000,1939.000000,1903.000000,1934.949951,1930.811401,1418430
2018-11-14,1925.000000,1929.900024,1870.000000,1880.650024,1876.627563,2422318
2018-11-15,1864.000000,1899.000000,1857.599976,1872.849976,1868.844238,1829123
2018-11-16,1889.000000,1899.800049,1870.250000,1886.599976,1882.564819,1829729
2018-11-19,1899.000000,1907.349976,1864.300049,1902.449951,1898.380859,1740628
2018-11-20,1902.000000,1902.000000,1874.199951,1878.250000,1874.232666,1190182
2018-11-21,1871.000000,1871.050049,1798.550049,1812.000000,1808.124390,3840461
2018-11-22,1820.000000,1847.599976,1809.949951,1812.550049,1808.673218,3194219
2018-11-26,1819.000000,1860.000000,1784.500000,1846.099976,1842.151489,4333177
2018-11-27,1854.000000,1897.900024,1835.349976,1890.250000,1886.207031,3344839
2018-11-28,1889.000000,1989.000000,1882.500000,1983.900024,1979.656738,5313249
2018-11-29,1997.000000,1997.000000,1942.550049,1960.550049,1956.356689,4035441
2018-11-30,1966.000000,1991.000000,1959.849976,1968.250000,1964.040161,5268901
2018-12-03,1984.000000,1990.000000,1968.300049,1982.400024,1978.159912,1610576
2018-12-04,1983.000000,2019.400024,1971.000000,2010.849976,2006.549072,3270615
2018-12-05,2006.000000,2018.000000,1985.000000,2006.750000,2002.457886,2501539
2018-12-06,1998.000000,2017.000000,1979.599976,1992.699951,1988.437866,2321216
2018-12-07,1985.050049,2003.900024,1973.000000,1995.199951,1990.932495,1680420
2018-12-10,1975.000000,2011.000000,1960.000000,1975.800049,1971.574097,2010786
2018-12-11,1970.000000,2010.000000,1961.000000,2000.000000,1995.722290,2942014
2018-12-12,2001.099976,2022.000000,1984.949951,2016.800049,2012.486450,2219993
2018-12-13,2024.000000,2029.699951,1974.500000,1982.599976,1978.359497,3748429
2018-12-14,1983.000000,1998.949951,1975.250000,1989.750000,1985.494263,2473761
2018-12-17,1999.000000,2004.900024,1985.000000,1994.300049,1990.034546,1227921
2018-12-18,1991.900024,2002.000000,1976.400024,1987.849976,1983.598267,1768742
2018-12-19,1984.800049,1984.800049,1960.050049,1968.449951,1964.239746,2498833
2018-12-20,1953.800049,1974.900024,1946.000000,1954.050049,1949.870605,1940277
2018-12-21,1948.000000,1950.000000,1886.550049,1895.800049,1891.745239,3729956
2018-12-24,1905.800049,1938.900024,1905.000000,1918.500000,1914.396606,1864116
2018-12-26,1921.800049,1921.800049,1870.250000,1889.199951,1885.159180,2446614
2018-12-27,1909.000000,1941.699951,1872.099976,1908.949951,1904.866943,4968201
2018-12-28,1915.000000,1920.000000,1893.000000,1896.050049,1891.994629,2239130
2018-12-31,1908.000000,1909.000000,1886.150024,1893.050049,1889.001099,1879740
2019-01-01,1896.000000,1910.000000,1885.000000,1902.800049,1898.730225,1094883
2019-01-02,1905.000000,1934.449951,1900.000000,1923.300049,1919.186401,2100463
2019-01-03,1919.000000,1944.949951,1893.099976,1899.949951,1895.886230,2611668
2019-01-04,1900.000000,1901.199951,1841.000000,1876.849976,1872.835693,4280862
2019-01-07,1891.800049,1908.800049,1881.000000,1897.900024,1893.840698,1856423
2019-01-08,1905.400024,1906.400024,1883.300049,1893.550049,1889.500000,1691756
2019-01-09,1907.400024,1919.000000,1866.699951,1886.949951,1882.914063,2414376
2019-01-10,1890.000000,1905.000000,1872.099976,1888.550049,1884.510742,3053461
2019-01-11,1870.000000,1875.000000,1835.000000,1842.550049,1838.609131,9209862
2019-01-14,1850.000000,1851.000000,1810.000000,1813.250000,1809.371704,3615370
2019-01-15,1810.000000,1869.349976,1808.000000,1867.800049,1863.805054,7711653
2019-01-16,1870.000000,1875.000000,1847.000000,1870.150024,1866.150024,2359280
2019-01-17,1878.000000,1898.000000,1871.300049,1894.300049,1894.300049,2625816
2019-01-18,1881.000000,1904.199951,1876.000000,1900.650024,1900.650024,1683728
2019-01-21,1902.000000,1932.000000,1895.449951,1908.699951,1908.699951,2409803
2019-01-22,1907.099976,1918.250000,1890.000000,1901.900024,1901.900024,2457093
2019-01-23,1901.000000,1906.099976,1870.000000,1875.599976,1875.599976,2578169
2019-01-24,1884.800049,1905.250000,1875.000000,1901.550049,1901.550049,1962927
2019-01-25,1902.000000,1935.000000,1901.000000,1920.800049,1920.800049,2327080
2019-01-28,1933.000000,1962.000000,1925.500000,1955.000000,1955.000000,2769033
2019-01-29,1962.000000,1989.050049,1936.650024,1982.750000,1982.750000,2557626
2019-01-30,1979.599976,1989.500000,1954.650024,1981.400024,1981.400024,2429575
2019-01-31,1987.000000,2019.750000,1985.000000,2014.099976,2014.099976,4094319
2019-02-01,2009.500000,2034.750000,1998.099976,2029.949951,2029.949951,3064163
2019-02-04,2029.949951,2055.449951,2023.000000,2050.250000,2050.250000,1590764
2019-02-05,2050.000000,2055.000000,2028.000000,2044.550049,2044.550049,1111396
2019-02-06,2049.899902,2086.850098,2041.050049,2074.800049,2074.800049,1789812
2019-02-07,2074.750000,2097.949951,2067.000000,2082.899902,2082.899902,1339945
2019-02-08,2075.000000,2089.500000,2051.000000,2061.399902,2061.399902,1684474
2019-02-11,2060.000000,2096.000000,2048.899902,2065.899902,2065.899902,1778730
2019-02-12,2070.000000,2070.000000,2018.000000,2051.600098,2051.600098,2422903
2019-02-14,2060.050049,2075.000000,2033.050049,2044.599976,2044.599976,1724085
2019-02-15,2049.000000,2052.000000,2010.949951,2029.699951,2029.699951,1930065
2019-02-18,2037.599976,2041.949951,1962.650024,1970.300049,1970.300049,2942184
2019-02-19,1970.000000,1971.000000,1892.000000,1904.800049,1904.800049,4408554
2019-02-20,1915.000000,1933.800049,1881.300049,1914.750000,1914.750000,4645778
2019-02-21,1914.750000,1940.000000,1897.050049,1914.199951,1914.199951,4683919
2019-02-22,1917.199951,1930.000000,1905.099976,1925.650024,1925.650024,2271955
2019-02-25,1932.500000,1990.000000,1930.500000,1985.150024,1985.150024,2934880
2019-02-26,1984.000000,2045.150024,1972.250000,2038.699951,2038.699951,6453309
2019-02-27,2040.000000,2074.949951,2022.000000,2058.100098,2058.100098,4732082
2019-02-28,2060.000000,2071.350098,1977.599976,1983.449951,1983.449951,8454295
2019-03-01,1995.050049,2005.000000,1980.349976,1995.400024,1995.400024,4148548
2019-03-05,2005.000000,2007.000000,1976.599976,1988.099976,1988.099976,2449622
2019-03-06,1989.300049,2015.000000,1985.050049,1999.599976,1999.599976,2635047
2019-03-07,2005.000000,2024.050049,2000.199951,2013.300049,2013.300049,2539884
2019-03-08,2025.000000,2033.000000,2010.050049,2022.699951,2022.699951,2031071
2019-03-11,2028.900024,2033.000000,2003.650024,2014.800049,2014.800049,3111689
2019-03-12,2014.050049,2024.800049,2003.000000,2012.449951,2012.449951,2658550
2019-03-13,2013.000000,2015.900024,1978.599976,2000.500000,2000.500000,1833163
